# r_A g_mean g_min g_max
2.000000000000000042e-02 0.000000000000000000e+00 0.000000000000000000e+00 0.000000000000000000e+00
5.999999999999999778e-02 0.000000000000000000e+00 0.000000000000000000e+00 0.000000000000000000e+00
1.000000000000000056e-01 0.000000000000000000e+00 0.000000000000000000e+00 0.000000000000000000e+00
1.400000000000000133e-01 0.000000000000000000e+00 0.000000000000000000e+00 0.000000000000000000e+00
1.799999999999999933e-01 0.000000000000000000e+00 0.000000000000000000e+00 0.000000000000000000e+00
2.200000000000000011e-01 0.000000000000000000e+00 0.000000000000000000e+00 0.000000000000000000e+00
2.600000000000000089e-01 0.000000000000000000e+00 0.000000000000000000e+00 0.000000000000000000e+00
3.000000000000000444e-01 0.000000000000000000e+00 0.000000000000000000e+00 0.000000000000000000e+00
3.399999999999999689e-01 0.000000000000000000e+00 0.000000000000000000e+00 0.000000000000000000e+00
3.800000000000000044e-01 0.000000000000000000e+00 0.000000000000000000e+00 0.000000000000000000e+00
4.200000000000000400e-01 0.000000000000000000e+00 0.000000000000000000e+00 0.000000000000000000e+00
4.599999999999999645e-01 0.000000000000000000e+00 0.000000000000000000e+00 0.000000000000000000e+00
5.000000000000000000e-01 0.000000000000000000e+00 0.000000000000000000e+00 0.000000000000000000e+00
5.400000000000000355e-01 0.000000000000000000e+00 0.000000000000000000e+00 0.000000000000000000e+00
5.800000000000000711e-01 0.000000000000000000e+00 0.000000000000000000e+00 0.000000000000000000e+00
6.199999999999999956e-01 0.000000000000000000e+00 0.000000000000000000e+00 0.000000000000000000e+00
6.600000000000000311e-01 0.000000000000000000e+00 0.000000000000000000e+00 0.000000000000000000e+00
6.999999999999999556e-01 0.000000000000000000e+00 0.000000000000000000e+00 0.000000000000000000e+00
7.399999999999999911e-01 0.000000000000000000e+00 0.000000000000000000e+00 0.000000000000000000e+00
7.800000000000000266e-01 0.000000000000000000e+00 0.000000000000000000e+00 0.000000000000000000e+00
8.200000000000000622e-01 0.000000000000000000e+00 0.000000000000000000e+00 0.000000000000000000e+00
8.599999999999999867e-01 0.000000000000000000e+00 0.000000000000000000e+00 0.000000000000000000e+00
9.000000000000000222e-01 0.000000000000000000e+00 0.000000000000000000e+00 0.000000000000000000e+00
9.399999999999999467e-01 0.000000000000000000e+00 0.000000000000000000e+00 0.000000000000000000e+00
9.799999999999999822e-01 0.000000000000000000e+00 0.000000000000000000e+00 0.000000000000000000e+00
1.020000000000000018e+00 0.000000000000000000e+00 0.000000000000000000e+00 0.000000000000000000e+00
1.060000000000000053e+00 0.000000000000000000e+00 0.000000000000000000e+00 0.000000000000000000e+00
1.100000000000000089e+00 0.000000000000000000e+00 0.000000000000000000e+00 0.000000000000000000e+00
1.140000000000000124e+00 4.031250000000000111e-03 1.979166666666666834e-03 6.770833333333333565e-03
1.179999999999999938e+00 5.182499999999999885e-01 4.686458333333333171e-01 5.590625000000000178e-01
1.219999999999999973e+00 2.716395833333333787e+00 2.621458333333333446e+00 2.806979166666666803e+00
1.260000000000000009e+00 9.141666666666665719e-01 8.786458333333333481e-01 9.591666666666666119e-01
1.300000000000000044e+00 1.382291666666666564e-02 9.479166666666666990e-03 2.020833333333333162e-02
1.340000000000000080e+00 0.000000000000000000e+00 0.000000000000000000e+00 0.000000000000000000e+00
1.380000000000000115e+00 0.000000000000000000e+00 0.000000000000000000e+00 0.000000000000000000e+00
1.419999999999999929e+00 0.000000000000000000e+00 0.000000000000000000e+00 0.000000000000000000e+00
1.459999999999999964e+00 0.000000000000000000e+00 0.000000000000000000e+00 0.000000000000000000e+00
1.500000000000000000e+00 0.000000000000000000e+00 0.000000000000000000e+00 0.000000000000000000e+00
1.540000000000000036e+00 0.000000000000000000e+00 0.000000000000000000e+00 0.000000000000000000e+00
1.580000000000000071e+00 0.000000000000000000e+00 0.000000000000000000e+00 0.000000000000000000e+00
1.620000000000000107e+00 0.000000000000000000e+00 0.000000000000000000e+00 0.000000000000000000e+00
1.660000000000000142e+00 0.000000000000000000e+00 0.000000000000000000e+00 0.000000000000000000e+00
1.699999999999999956e+00 0.000000000000000000e+00 0.000000000000000000e+00 0.000000000000000000e+00
1.739999999999999991e+00 0.000000000000000000e+00 0.000000000000000000e+00 0.000000000000000000e+00
1.780000000000000027e+00 0.000000000000000000e+00 0.000000000000000000e+00 0.000000000000000000e+00
1.820000000000000062e+00 0.000000000000000000e+00 0.000000000000000000e+00 0.000000000000000000e+00
1.860000000000000098e+00 0.000000000000000000e+00 0.000000000000000000e+00 0.000000000000000000e+00
1.899999999999999911e+00 0.000000000000000000e+00 0.000000000000000000e+00 0.000000000000000000e+00
1.939999999999999947e+00 0.000000000000000000e+00 0.000000000000000000e+00 0.000000000000000000e+00
1.979999999999999982e+00 0.000000000000000000e+00 0.000000000000000000e+00 0.000000000000000000e+00
2.020000000000000018e+00 0.000000000000000000e+00 0.000000000000000000e+00 0.000000000000000000e+00
2.060000000000000053e+00 0.000000000000000000e+00 0.000000000000000000e+00 0.000000000000000000e+00
2.100000000000000089e+00 0.000000000000000000e+00 0.000000000000000000e+00 0.000000000000000000e+00
2.140000000000000124e+00 1.041666666666666801e-05 0.000000000000000000e+00 1.041666666666666734e-04
2.180000000000000160e+00 4.374999999999999549e-04 1.041666666666666734e-04 8.333333333333333868e-04
2.220000000000000195e+00 6.750000000000000791e-03 4.166666666666666609e-03 9.166666666666666713e-03
2.260000000000000231e+00 5.864583333333332760e-02 5.229166666666666685e-02 7.020833333333333093e-02
2.299999999999999822e+00 2.601041666666666363e-01 2.396874999999999978e-01 2.866666666666666807e-01
2.339999999999999858e+00 6.619791666666665630e-01 6.434374999999999956e-01 6.720833333333333659e-01
2.379999999999999893e+00 1.057947916666666544e+00 1.039583333333333304e+00 1.077187499999999964e+00
2.419999999999999929e+00 1.085906249999999629e+00 1.035520833333333224e+00 1.110937499999999911e+00
2.459999999999999964e+00 6.929583333333333428e-01 6.709374999999999645e-01 7.111458333333333659e-01
2.500000000000000000e+00 2.747604166666666736e-01 2.616666666666666585e-01 2.894791666666666763e-01
2.540000000000000036e+00 6.001041666666666330e-02 5.354166666666666796e-02 6.541666666666666463e-02
2.580000000000000071e+00 1.217708333333333490e-02 8.125000000000000278e-03 1.791666666666666755e-02
2.620000000000000107e+00 3.099999999999999284e-02 2.510416666666666699e-02 4.041666666666666324e-02
2.660000000000000142e+00 1.210729166666666690e-01 1.048958333333333270e-01 1.366666666666666585e-01
2.700000000000000178e+00 3.331666666666666665e-01 3.200000000000000067e-01 3.474999999999999756e-01
2.740000000000000213e+00 6.620416666666667505e-01 6.431249999999999467e-01 6.868750000000000133e-01
2.780000000000000249e+00 9.783437499999998455e-01 9.263541666666667007e-01 1.027083333333333348e+00
2.820000000000000284e+00 1.100437500000000179e+00 1.034687499999999982e+00 1.169895833333333357e+00
2.859999999999999876e+00 9.826979166666666154e-01 9.174999999999999822e-01 1.029895833333333233e+00
2.899999999999999911e+00 6.889583333333332282e-01 6.764583333333333837e-01 7.131250000000000089e-01
2.939999999999999947e+00 4.031666666666667287e-01 3.861458333333333548e-01 4.233333333333333393e-01
2.979999999999999982e+00 2.117083333333333317e-01 1.973958333333333259e-01 2.401041666666666741e-01
3.020000000000000018e+00 1.171875000000000000e-01 1.006250000000000061e-01 1.394791666666666541e-01
3.060000000000000053e+00 8.804166666666667085e-02 7.052083333333333814e-02 1.051041666666666652e-01
3.100000000000000089e+00 9.329166666666666163e-02 7.187499999999999445e-02 1.078125000000000056e-01
3.140000000000000124e+00 1.211875000000000036e-01 1.068749999999999978e-01 1.360416666666666718e-01
3.180000000000000160e+00 1.604479166666666345e-01 1.447916666666666796e-01 1.752083333333333270e-01
3.220000000000000195e+00 2.041562499999999836e-01 1.972916666666666707e-01 2.121875000000000011e-01
3.260000000000000231e+00 2.401562500000000155e-01 2.247916666666666674e-01 2.584374999999999867e-01
3.300000000000000266e+00 2.630520833333332975e-01 2.508333333333333526e-01 2.744791666666666630e-01
3.339999999999999858e+00 2.540937500000000626e-01 2.464583333333333348e-01 2.682291666666666852e-01
3.379999999999999893e+00 2.325312500000000226e-01 2.231249999999999900e-01 2.469791666666666663e-01
3.419999999999999929e+00 2.029166666666666896e-01 1.966666666666666563e-01 2.147916666666666585e-01
3.459999999999999964e+00 1.714270833333333410e-01 1.637500000000000067e-01 1.789583333333333304e-01
3.500000000000000000e+00 1.402499999999999858e-01 1.271875000000000089e-01 1.492708333333333248e-01
3.540000000000000036e+00 1.182291666666666768e-01 1.013541666666666619e-01 1.313541666666666607e-01
3.580000000000000071e+00 9.843749999999999722e-02 8.145833333333332704e-02 1.123958333333333337e-01
3.620000000000000107e+00 9.036458333333333148e-02 7.635416666666666741e-02 1.051041666666666652e-01
3.660000000000000142e+00 8.181249999999999634e-02 6.041666666666666713e-02 9.739583333333333426e-02
3.700000000000000178e+00 7.936458333333332171e-02 6.427083333333333259e-02 9.989583333333333648e-02
3.740000000000000213e+00 7.895833333333332482e-02 6.562500000000000278e-02 9.072916666666666630e-02
3.780000000000000249e+00 8.342708333333334614e-02 6.385416666666667018e-02 1.029166666666666702e-01
3.820000000000000284e+00 8.788541666666666030e-02 7.166666666666667018e-02 1.033333333333333326e-01
3.859999999999999876e+00 9.936458333333332560e-02 8.187500000000000333e-02 1.176041666666666624e-01
3.899999999999999911e+00 1.176145833333333279e-01 1.017708333333333381e-01 1.341666666666666563e-01
3.939999999999999947e+00 1.431041666666666712e-01 1.264583333333333393e-01 1.598958333333333204e-01
3.979999999999999982e+00 1.726354166666666801e-01 1.524999999999999967e-01 1.848958333333333426e-01
4.019999999999999574e+00 2.179166666666666752e-01 2.017708333333333437e-01 2.309374999999999900e-01
4.060000000000000497e+00 2.678541666666666710e-01 2.512499999999999734e-01 2.818749999999999867e-01
4.099999999999999645e+00 3.358750000000000346e-01 3.268750000000000266e-01 3.438541666666666829e-01
4.140000000000000568e+00 4.107083333333333419e-01 3.997916666666666563e-01 4.195833333333333082e-01
4.179999999999999716e+00 4.777812499999999352e-01 4.557291666666666852e-01 5.023958333333333748e-01
4.220000000000000639e+00 5.141666666666666607e-01 4.755208333333333370e-01 5.537499999999999645e-01
4.259999999999999787e+00 5.070000000000000062e-01 4.658333333333333215e-01 5.520833333333333703e-01
4.300000000000000711e+00 4.564687499999999787e-01 4.132291666666666474e-01 4.994791666666666408e-01
4.339999999999999858e+00 3.775937500000000058e-01 3.527083333333333459e-01 4.151041666666666630e-01
4.380000000000000782e+00 3.091458333333333419e-01 2.752083333333333326e-01 3.427083333333333370e-01
4.419999999999999929e+00 2.508854166666666385e-01 2.323958333333333293e-01 2.732291666666666896e-01
4.460000000000000853e+00 2.129999999999999949e-01 1.975000000000000089e-01 2.312500000000000111e-01
4.500000000000000000e+00 1.810624999999999873e-01 1.627083333333333437e-01 1.953125000000000000e-01
4.540000000000000924e+00 1.519895833333333446e-01 1.422916666666666774e-01 1.590624999999999956e-01
4.580000000000000071e+00 1.193020833333333364e-01 1.112500000000000017e-01 1.272916666666666641e-01
4.620000000000000107e+00 8.999999999999999667e-02 7.989583333333333259e-02 1.002083333333333298e-01
4.660000000000000142e+00 7.305208333333332305e-02 6.177083333333333037e-02 8.479166666666666796e-02
4.699999999999999289e+00 6.357291666666665952e-02 5.249999999999999806e-02 7.552083333333332871e-02
4.740000000000000213e+00 5.923958333333334547e-02 4.781250000000000083e-02 6.760416666666667351e-02
4.779999999999999361e+00 5.816666666666667901e-02 5.000000000000000278e-02 6.802083333333333592e-02
4.820000000000000284e+00 6.114583333333332982e-02 4.750000000000000056e-02 7.531250000000000444e-02
4.859999999999999432e+00 6.257291666666667251e-02 4.781250000000000083e-02 7.562499999999999778e-02
4.900000000000000355e+00 6.614583333333333426e-02 5.020833333333333398e-02 7.593750000000000500e-02
4.939999999999999503e+00 6.775000000000000466e-02 5.208333333333333565e-02 7.697916666666666796e-02
4.980000000000000426e+00 6.859374999999999500e-02 5.677083333333333287e-02 7.875000000000000056e-02
5.019999999999999574e+00 6.704166666666666607e-02 5.500000000000000028e-02 7.770833333333333759e-02
5.060000000000000497e+00 6.742708333333333193e-02 5.718750000000000222e-02 7.812500000000000000e-02
5.099999999999999645e+00 6.637499999999998956e-02 6.020833333333333592e-02 7.302083333333332649e-02
5.140000000000000568e+00 6.551041666666665431e-02 5.635416666666666352e-02 7.260416666666666408e-02
5.179999999999999716e+00 6.356249999999999400e-02 5.739583333333333343e-02 7.166666666666667018e-02
5.220000000000000639e+00 6.414583333333333248e-02 5.989583333333333565e-02 6.989583333333333759e-02
5.259999999999999787e+00 6.366666666666666308e-02 5.979166666666666657e-02 6.781249999999999778e-02
5.300000000000000711e+00 6.679166666666666585e-02 6.385416666666667018e-02 7.208333333333333259e-02
5.339999999999999858e+00 6.825000000000000511e-02 6.250000000000000000e-02 7.395833333333333426e-02
5.380000000000000782e+00 7.078124999999999001e-02 6.468749999999999500e-02 7.760416666666666852e-02
5.419999999999999929e+00 7.660416666666666763e-02 6.968749999999999944e-02 8.604166666666666907e-02
5.460000000000000853e+00 7.842708333333334170e-02 7.229166666666667074e-02 9.208333333333333648e-02
5.500000000000000000e+00 8.396875000000000866e-02 7.468750000000000389e-02 9.135416666666666685e-02
5.540000000000000924e+00 8.531249999999999944e-02 7.833333333333333814e-02 9.739583333333333426e-02
5.580000000000000071e+00 8.818750000000000200e-02 7.635416666666666741e-02 1.043749999999999956e-01
5.620000000000000107e+00 8.943749999999998923e-02 7.812500000000000000e-02 9.958333333333332926e-02
5.660000000000000142e+00 8.894791666666666818e-02 7.718750000000000611e-02 1.029166666666666702e-01
5.699999999999999289e+00 9.039583333333331416e-02 8.125000000000000278e-02 1.015625000000000000e-01
5.740000000000000213e+00 8.329166666666666663e-02 7.656250000000000555e-02 9.468749999999999389e-02
5.779999999999999361e+00 7.750000000000001332e-02 7.177083333333333925e-02 8.520833333333333037e-02
5.820000000000000284e+00 7.410416666666667929e-02 7.000000000000000666e-02 8.000000000000000167e-02
5.859999999999999432e+00 6.372916666666667007e-02 6.052083333333333620e-02 6.843749999999999833e-02
5.900000000000000355e+00 5.412499999999999950e-02 4.729166666666666935e-02 5.562500000000000083e-02
5.939999999999999503e+00 4.285416666666666541e-02 3.843749999999999944e-02 4.989583333333333370e-02
5.980000000000000426e+00 3.298958333333333603e-02 2.822916666666666630e-02 4.010416666666666990e-02
6.019999999999999574e+00 2.493749999999999786e-02 2.093750000000000125e-02 3.020833333333333356e-02
6.060000000000000497e+00 1.987500000000000031e-02 1.572916666666666560e-02 2.593749999999999875e-02
6.099999999999999645e+00 1.597916666666666929e-02 1.114583333333333398e-02 2.062500000000000097e-02
6.140000000000000568e+00 1.407291666666666587e-02 9.895833333333332871e-03 1.781249999999999847e-02
6.179999999999999716e+00 1.380208333333333461e-02 8.125000000000000278e-03 1.729166666666666699e-02
6.220000000000000639e+00 1.449999999999999900e-02 1.031250000000000049e-02 1.760416666666666727e-02
6.259999999999999787e+00 1.498958333333333393e-02 1.104166666666666664e-02 2.020833333333333162e-02
6.300000000000000711e+00 1.661458333333333190e-02 1.031250000000000049e-02 2.125000000000000153e-02
6.339999999999999858e+00 1.651041666666666283e-02 1.010416666666666581e-02 2.135416666666666713e-02
6.380000000000000782e+00 1.877083333333333381e-02 1.281249999999999924e-02 2.281249999999999944e-02
6.419999999999999929e+00 1.980208333333333126e-02 1.218750000000000042e-02 2.593749999999999875e-02
6.460000000000000853e+00 2.236458333333333354e-02 1.416666666666666595e-02 2.635416666666666810e-02
6.500000000000000000e+00 2.201041666666666771e-02 1.520833333333333412e-02 2.812500000000000069e-02
6.540000000000000924e+00 2.284375000000000294e-02 1.395833333333333301e-02 3.052083333333333384e-02
6.580000000000000071e+00 2.282291666666666843e-02 1.458333333333333356e-02 2.781250000000000042e-02
6.620000000000000995e+00 2.202083333333332976e-02 1.312499999999999951e-02 2.656249999999999931e-02
6.660000000000000142e+00 1.942708333333333787e-02 1.177083333333333280e-02 2.406250000000000056e-02
6.699999999999999289e+00 1.655208333333333531e-02 1.062500000000000076e-02 2.093750000000000125e-02
6.740000000000000213e+00 1.238541666666666610e-02 9.166666666666666713e-03 1.552083333333333266e-02
6.779999999999999361e+00 9.843750000000001804e-03 5.937500000000000069e-03 1.239583333333333336e-02
6.820000000000000284e+00 6.593749999999999785e-03 3.854166666666666765e-03 9.166666666666666713e-03
6.859999999999999432e+00 4.031250000000000111e-03 2.187500000000000208e-03 7.604166666666667060e-03
6.900000000000000355e+00 2.291666666666666678e-03 1.458333333333333400e-03 3.020833333333333270e-03
6.939999999999999503e+00 1.041666666666666869e-03 6.250000000000000130e-04 1.458333333333333400e-03
6.980000000000000426e+00 3.124999999999999523e-04 0.000000000000000000e+00 9.374999999999999653e-04
7.019999999999999574e+00 2.291666666666666624e-04 0.000000000000000000e+00 6.250000000000000130e-04
7.060000000000000497e+00 4.166666666666667205e-05 0.000000000000000000e+00 1.041666666666666734e-04
7.099999999999999645e+00 2.083333333333333603e-05 0.000000000000000000e+00 1.041666666666666734e-04
7.140000000000000568e+00 0.000000000000000000e+00 0.000000000000000000e+00 0.000000000000000000e+00
7.179999999999999716e+00 1.041666666666666801e-05 0.000000000000000000e+00 1.041666666666666734e-04
7.220000000000000639e+00 0.000000000000000000e+00 0.000000000000000000e+00 0.000000000000000000e+00
7.259999999999999787e+00 0.000000000000000000e+00 0.000000000000000000e+00 0.000000000000000000e+00
7.300000000000000711e+00 0.000000000000000000e+00 0.000000000000000000e+00 0.000000000000000000e+00
7.339999999999999858e+00 0.000000000000000000e+00 0.000000000000000000e+00 0.000000000000000000e+00
7.380000000000000782e+00 0.000000000000000000e+00 0.000000000000000000e+00 0.000000000000000000e+00
7.419999999999999929e+00 0.000000000000000000e+00 0.000000000000000000e+00 0.000000000000000000e+00
7.460000000000000853e+00 0.000000000000000000e+00 0.000000000000000000e+00 0.000000000000000000e+00
7.500000000000000000e+00 0.000000000000000000e+00 0.000000000000000000e+00 0.000000000000000000e+00
7.540000000000000924e+00 0.000000000000000000e+00 0.000000000000000000e+00 0.000000000000000000e+00
7.580000000000000071e+00 0.000000000000000000e+00 0.000000000000000000e+00 0.000000000000000000e+00
7.620000000000000995e+00 0.000000000000000000e+00 0.000000000000000000e+00 0.000000000000000000e+00
7.660000000000000142e+00 0.000000000000000000e+00 0.000000000000000000e+00 0.000000000000000000e+00
7.699999999999999289e+00 0.000000000000000000e+00 0.000000000000000000e+00 0.000000000000000000e+00
7.740000000000000213e+00 0.000000000000000000e+00 0.000000000000000000e+00 0.000000000000000000e+00
7.779999999999999361e+00 0.000000000000000000e+00 0.000000000000000000e+00 0.000000000000000000e+00
7.820000000000000284e+00 0.000000000000000000e+00 0.000000000000000000e+00 0.000000000000000000e+00
7.859999999999999432e+00 0.000000000000000000e+00 0.000000000000000000e+00 0.000000000000000000e+00
7.900000000000000355e+00 0.000000000000000000e+00 0.000000000000000000e+00 0.000000000000000000e+00
7.939999999999999503e+00 0.000000000000000000e+00 0.000000000000000000e+00 0.000000000000000000e+00
7.980000000000000426e+00 0.000000000000000000e+00 0.000000000000000000e+00 0.000000000000000000e+00
