# r_A g_mean g_min g_max
2.000000000000000042e-02 0.000000000000000000e+00 0.000000000000000000e+00 0.000000000000000000e+00
5.999999999999999778e-02 0.000000000000000000e+00 0.000000000000000000e+00 0.000000000000000000e+00
1.000000000000000056e-01 0.000000000000000000e+00 0.000000000000000000e+00 0.000000000000000000e+00
1.400000000000000133e-01 0.000000000000000000e+00 0.000000000000000000e+00 0.000000000000000000e+00
1.799999999999999933e-01 0.000000000000000000e+00 0.000000000000000000e+00 0.000000000000000000e+00
2.200000000000000011e-01 0.000000000000000000e+00 0.000000000000000000e+00 0.000000000000000000e+00
2.600000000000000089e-01 0.000000000000000000e+00 0.000000000000000000e+00 0.000000000000000000e+00
3.000000000000000444e-01 0.000000000000000000e+00 0.000000000000000000e+00 0.000000000000000000e+00
3.399999999999999689e-01 0.000000000000000000e+00 0.000000000000000000e+00 0.000000000000000000e+00
3.800000000000000044e-01 0.000000000000000000e+00 0.000000000000000000e+00 0.000000000000000000e+00
4.200000000000000400e-01 0.000000000000000000e+00 0.000000000000000000e+00 0.000000000000000000e+00
4.599999999999999645e-01 0.000000000000000000e+00 0.000000000000000000e+00 0.000000000000000000e+00
5.000000000000000000e-01 0.000000000000000000e+00 0.000000000000000000e+00 0.000000000000000000e+00
5.400000000000000355e-01 0.000000000000000000e+00 0.000000000000000000e+00 0.000000000000000000e+00
5.800000000000000711e-01 0.000000000000000000e+00 0.000000000000000000e+00 0.000000000000000000e+00
6.199999999999999956e-01 0.000000000000000000e+00 0.000000000000000000e+00 0.000000000000000000e+00
6.600000000000000311e-01 0.000000000000000000e+00 0.000000000000000000e+00 0.000000000000000000e+00
6.999999999999999556e-01 0.000000000000000000e+00 0.000000000000000000e+00 0.000000000000000000e+00
7.399999999999999911e-01 0.000000000000000000e+00 0.000000000000000000e+00 0.000000000000000000e+00
7.800000000000000266e-01 0.000000000000000000e+00 0.000000000000000000e+00 0.000000000000000000e+00
8.200000000000000622e-01 0.000000000000000000e+00 0.000000000000000000e+00 0.000000000000000000e+00
8.599999999999999867e-01 0.000000000000000000e+00 0.000000000000000000e+00 0.000000000000000000e+00
9.000000000000000222e-01 0.000000000000000000e+00 0.000000000000000000e+00 0.000000000000000000e+00
9.399999999999999467e-01 0.000000000000000000e+00 0.000000000000000000e+00 0.000000000000000000e+00
9.799999999999999822e-01 0.000000000000000000e+00 0.000000000000000000e+00 0.000000000000000000e+00
1.020000000000000018e+00 0.000000000000000000e+00 0.000000000000000000e+00 0.000000000000000000e+00
1.060000000000000053e+00 0.000000000000000000e+00 0.000000000000000000e+00 0.000000000000000000e+00
1.100000000000000089e+00 0.000000000000000000e+00 0.000000000000000000e+00 0.000000000000000000e+00
1.140000000000000124e+00 0.000000000000000000e+00 0.000000000000000000e+00 0.000000000000000000e+00
1.179999999999999938e+00 0.000000000000000000e+00 0.000000000000000000e+00 0.000000000000000000e+00
1.219999999999999973e+00 0.000000000000000000e+00 0.000000000000000000e+00 0.000000000000000000e+00
1.260000000000000009e+00 0.000000000000000000e+00 0.000000000000000000e+00 0.000000000000000000e+00
1.300000000000000044e+00 0.000000000000000000e+00 0.000000000000000000e+00 0.000000000000000000e+00
1.340000000000000080e+00 0.000000000000000000e+00 0.000000000000000000e+00 0.000000000000000000e+00
1.380000000000000115e+00 0.000000000000000000e+00 0.000000000000000000e+00 0.000000000000000000e+00
1.419999999999999929e+00 0.000000000000000000e+00 0.000000000000000000e+00 0.000000000000000000e+00
1.459999999999999964e+00 0.000000000000000000e+00 0.000000000000000000e+00 0.000000000000000000e+00
1.500000000000000000e+00 0.000000000000000000e+00 0.000000000000000000e+00 0.000000000000000000e+00
1.540000000000000036e+00 0.000000000000000000e+00 0.000000000000000000e+00 0.000000000000000000e+00
1.580000000000000071e+00 0.000000000000000000e+00 0.000000000000000000e+00 0.000000000000000000e+00
1.620000000000000107e+00 0.000000000000000000e+00 0.000000000000000000e+00 0.000000000000000000e+00
1.660000000000000142e+00 0.000000000000000000e+00 0.000000000000000000e+00 0.000000000000000000e+00
1.699999999999999956e+00 0.000000000000000000e+00 0.000000000000000000e+00 0.000000000000000000e+00
1.739999999999999991e+00 0.000000000000000000e+00 0.000000000000000000e+00 0.000000000000000000e+00
1.780000000000000027e+00 0.000000000000000000e+00 0.000000000000000000e+00 0.000000000000000000e+00
1.820000000000000062e+00 0.000000000000000000e+00 0.000000000000000000e+00 0.000000000000000000e+00
1.860000000000000098e+00 0.000000000000000000e+00 0.000000000000000000e+00 0.000000000000000000e+00
1.899999999999999911e+00 0.000000000000000000e+00 0.000000000000000000e+00 0.000000000000000000e+00
1.939999999999999947e+00 0.000000000000000000e+00 0.000000000000000000e+00 0.000000000000000000e+00
1.979999999999999982e+00 0.000000000000000000e+00 0.000000000000000000e+00 0.000000000000000000e+00
2.020000000000000018e+00 0.000000000000000000e+00 0.000000000000000000e+00 0.000000000000000000e+00
2.060000000000000053e+00 0.000000000000000000e+00 0.000000000000000000e+00 0.000000000000000000e+00
2.100000000000000089e+00 0.000000000000000000e+00 0.000000000000000000e+00 0.000000000000000000e+00
2.140000000000000124e+00 0.000000000000000000e+00 0.000000000000000000e+00 0.000000000000000000e+00
2.180000000000000160e+00 0.000000000000000000e+00 0.000000000000000000e+00 0.000000000000000000e+00
2.220000000000000195e+00 0.000000000000000000e+00 0.000000000000000000e+00 0.000000000000000000e+00
2.260000000000000231e+00 0.000000000000000000e+00 0.000000000000000000e+00 0.000000000000000000e+00
2.299999999999999822e+00 0.000000000000000000e+00 0.000000000000000000e+00 0.000000000000000000e+00
2.339999999999999858e+00 0.000000000000000000e+00 0.000000000000000000e+00 0.000000000000000000e+00
2.379999999999999893e+00 0.000000000000000000e+00 0.000000000000000000e+00 0.000000000000000000e+00
2.419999999999999929e+00 0.000000000000000000e+00 0.000000000000000000e+00 0.000000000000000000e+00
2.459999999999999964e+00 0.000000000000000000e+00 0.000000000000000000e+00 0.000000000000000000e+00
2.500000000000000000e+00 0.000000000000000000e+00 0.000000000000000000e+00 0.000000000000000000e+00
2.540000000000000036e+00 0.000000000000000000e+00 0.000000000000000000e+00 0.000000000000000000e+00
2.580000000000000071e+00 0.000000000000000000e+00 0.000000000000000000e+00 0.000000000000000000e+00
2.620000000000000107e+00 0.000000000000000000e+00 0.000000000000000000e+00 0.000000000000000000e+00
2.660000000000000142e+00 0.000000000000000000e+00 0.000000000000000000e+00 0.000000000000000000e+00
2.700000000000000178e+00 0.000000000000000000e+00 0.000000000000000000e+00 0.000000000000000000e+00
2.740000000000000213e+00 0.000000000000000000e+00 0.000000000000000000e+00 0.000000000000000000e+00
2.780000000000000249e+00 0.000000000000000000e+00 0.000000000000000000e+00 0.000000000000000000e+00
2.820000000000000284e+00 0.000000000000000000e+00 0.000000000000000000e+00 0.000000000000000000e+00
2.859999999999999876e+00 0.000000000000000000e+00 0.000000000000000000e+00 0.000000000000000000e+00
2.899999999999999911e+00 0.000000000000000000e+00 0.000000000000000000e+00 0.000000000000000000e+00
2.939999999999999947e+00 0.000000000000000000e+00 0.000000000000000000e+00 0.000000000000000000e+00
2.979999999999999982e+00 0.000000000000000000e+00 0.000000000000000000e+00 0.000000000000000000e+00
3.020000000000000018e+00 0.000000000000000000e+00 0.000000000000000000e+00 0.000000000000000000e+00
3.060000000000000053e+00 0.000000000000000000e+00 0.000000000000000000e+00 0.000000000000000000e+00
3.100000000000000089e+00 0.000000000000000000e+00 0.000000000000000000e+00 0.000000000000000000e+00
3.140000000000000124e+00 2.500000000000000052e-04 0.000000000000000000e+00 1.250000000000000026e-03
3.180000000000000160e+00 3.750000000000000078e-04 0.000000000000000000e+00 2.500000000000000052e-03
3.220000000000000195e+00 3.750000000000000078e-04 0.000000000000000000e+00 2.500000000000000052e-03
3.260000000000000231e+00 1.249999999999999809e-03 0.000000000000000000e+00 3.749999999999999861e-03
3.300000000000000266e+00 1.249999999999999809e-03 0.000000000000000000e+00 3.749999999999999861e-03
3.339999999999999858e+00 3.125000000000000173e-03 0.000000000000000000e+00 1.375000000000000007e-02
3.379999999999999893e+00 3.124999999999999740e-03 0.000000000000000000e+00 5.000000000000000104e-03
3.419999999999999929e+00 6.750000000000000791e-03 0.000000000000000000e+00 1.124999999999999958e-02
3.459999999999999964e+00 7.750000000000001679e-03 3.749999999999999861e-03 1.250000000000000069e-02
3.500000000000000000e+00 1.187500000000000014e-02 3.749999999999999861e-03 2.000000000000000042e-02
3.540000000000000036e+00 1.962500000000000355e-02 3.749999999999999861e-03 3.749999999999999861e-02
3.580000000000000071e+00 2.162499999999999839e-02 7.499999999999999722e-03 3.250000000000000111e-02
3.620000000000000107e+00 3.549999999999999684e-02 2.375000000000000028e-02 5.000000000000000278e-02
3.660000000000000142e+00 4.624999999999999251e-02 1.874999999999999931e-02 6.250000000000000000e-02
3.700000000000000178e+00 5.287499999999999145e-02 3.624999999999999750e-02 7.499999999999999722e-02
3.740000000000000213e+00 6.375000000000000111e-02 3.749999999999999861e-02 8.749999999999999445e-02
3.780000000000000249e+00 8.275000000000000411e-02 5.750000000000000250e-02 1.037499999999999950e-01
3.820000000000000284e+00 1.032499999999999946e-01 6.625000000000000333e-02 1.387500000000000122e-01
3.859999999999999876e+00 1.158750000000000197e-01 8.375000000000000500e-02 1.625000000000000056e-01
3.899999999999999911e+00 1.361249999999999960e-01 1.150000000000000050e-01 1.662500000000000089e-01
3.939999999999999947e+00 1.626249999999999640e-01 1.087499999999999994e-01 2.037499999999999867e-01
3.979999999999999982e+00 1.887499999999999734e-01 1.412499999999999867e-01 2.462499999999999967e-01
4.019999999999999574e+00 2.282500000000000084e-01 1.737499999999999878e-01 2.787499999999999978e-01
4.060000000000000497e+00 2.641249999999999987e-01 2.112499999999999933e-01 3.275000000000000133e-01
4.099999999999999645e+00 3.023750000000000604e-01 2.300000000000000100e-01 3.762499999999999734e-01
4.140000000000000568e+00 3.638750000000000595e-01 3.049999999999999933e-01 4.437499999999999778e-01
4.179999999999999716e+00 4.329999999999999960e-01 3.624999999999999889e-01 5.024999999999999467e-01
4.220000000000000639e+00 5.346249999999999059e-01 4.862500000000000155e-01 5.649999999999999467e-01
4.259999999999999787e+00 6.388749999999999707e-01 5.675000000000000044e-01 6.824999999999999956e-01
4.300000000000000711e+00 7.941249999999998588e-01 7.212499999999999467e-01 8.587500000000000133e-01
4.339999999999999858e+00 1.025499999999999856e+00 9.300000000000000488e-01 1.163750000000000062e+00
4.380000000000000782e+00 1.312124999999999986e+00 1.203750000000000098e+00 1.408749999999999947e+00
4.419999999999999929e+00 1.614625000000000199e+00 1.409999999999999920e+00 1.816249999999999920e+00
4.460000000000000853e+00 1.876249999999999973e+00 1.661249999999999893e+00 2.108750000000000124e+00
4.500000000000000000e+00 1.983500000000000041e+00 1.713750000000000107e+00 2.321250000000000036e+00
4.540000000000000924e+00 1.962874999999999703e+00 1.746250000000000080e+00 2.214999999999999858e+00
4.580000000000000071e+00 1.794500000000000428e+00 1.602500000000000036e+00 1.982499999999999929e+00
4.620000000000000107e+00 1.540249999999999897e+00 1.405000000000000027e+00 1.672500000000000098e+00
4.660000000000000142e+00 1.292750000000000288e+00 1.252499999999999947e+00 1.364999999999999991e+00
4.699999999999999289e+00 1.058875000000000011e+00 9.625000000000000222e-01 1.147499999999999964e+00
4.740000000000000213e+00 8.962499999999999911e-01 8.149999999999999467e-01 9.775000000000000355e-01
4.779999999999999361e+00 8.070000000000000506e-01 6.875000000000000000e-01 8.900000000000000133e-01
4.820000000000000284e+00 7.177499999999999991e-01 5.612500000000000266e-01 8.387499999999999956e-01
4.859999999999999432e+00 6.558750000000000968e-01 4.712500000000000022e-01 7.687500000000000444e-01
4.900000000000000355e+00 5.568750000000001199e-01 3.925000000000000155e-01 6.450000000000000178e-01
4.939999999999999503e+00 4.562499999999999889e-01 3.125000000000000000e-01 5.424999999999999822e-01
4.980000000000000426e+00 3.246249999999999969e-01 2.337500000000000133e-01 4.037499999999999978e-01
5.019999999999999574e+00 2.219999999999999751e-01 1.350000000000000089e-01 2.750000000000000222e-01
5.060000000000000497e+00 1.261249999999999871e-01 8.500000000000000611e-02 1.662500000000000089e-01
5.099999999999999645e+00 6.775000000000000466e-02 5.124999999999999695e-02 1.000000000000000056e-01
5.140000000000000568e+00 3.937500000000000722e-02 2.624999999999999903e-02 7.249999999999999500e-02
5.179999999999999716e+00 1.962499999999999661e-02 1.124999999999999958e-02 2.999999999999999889e-02
5.220000000000000639e+00 1.075000000000000087e-02 5.000000000000000104e-03 2.999999999999999889e-02
5.259999999999999787e+00 7.749999999999999944e-03 3.749999999999999861e-03 1.375000000000000007e-02
5.300000000000000711e+00 3.250000000000000284e-03 0.000000000000000000e+00 7.499999999999999722e-03
5.339999999999999858e+00 2.374999999999999941e-03 0.000000000000000000e+00 7.499999999999999722e-03
5.380000000000000782e+00 7.500000000000000156e-04 0.000000000000000000e+00 5.000000000000000104e-03
5.419999999999999929e+00 0.000000000000000000e+00 0.000000000000000000e+00 0.000000000000000000e+00
5.460000000000000853e+00 0.000000000000000000e+00 0.000000000000000000e+00 0.000000000000000000e+00
5.500000000000000000e+00 0.000000000000000000e+00 0.000000000000000000e+00 0.000000000000000000e+00
5.540000000000000924e+00 0.000000000000000000e+00 0.000000000000000000e+00 0.000000000000000000e+00
5.580000000000000071e+00 0.000000000000000000e+00 0.000000000000000000e+00 0.000000000000000000e+00
5.620000000000000107e+00 0.000000000000000000e+00 0.000000000000000000e+00 0.000000000000000000e+00
5.660000000000000142e+00 0.000000000000000000e+00 0.000000000000000000e+00 0.000000000000000000e+00
5.699999999999999289e+00 0.000000000000000000e+00 0.000000000000000000e+00 0.000000000000000000e+00
5.740000000000000213e+00 0.000000000000000000e+00 0.000000000000000000e+00 0.000000000000000000e+00
5.779999999999999361e+00 0.000000000000000000e+00 0.000000000000000000e+00 0.000000000000000000e+00
5.820000000000000284e+00 0.000000000000000000e+00 0.000000000000000000e+00 0.000000000000000000e+00
5.859999999999999432e+00 0.000000000000000000e+00 0.000000000000000000e+00 0.000000000000000000e+00
5.900000000000000355e+00 0.000000000000000000e+00 0.000000000000000000e+00 0.000000000000000000e+00
5.939999999999999503e+00 0.000000000000000000e+00 0.000000000000000000e+00 0.000000000000000000e+00
5.980000000000000426e+00 0.000000000000000000e+00 0.000000000000000000e+00 0.000000000000000000e+00
6.019999999999999574e+00 0.000000000000000000e+00 0.000000000000000000e+00 0.000000000000000000e+00
6.060000000000000497e+00 0.000000000000000000e+00 0.000000000000000000e+00 0.000000000000000000e+00
6.099999999999999645e+00 0.000000000000000000e+00 0.000000000000000000e+00 0.000000000000000000e+00
6.140000000000000568e+00 0.000000000000000000e+00 0.000000000000000000e+00 0.000000000000000000e+00
6.179999999999999716e+00 0.000000000000000000e+00 0.000000000000000000e+00 0.000000000000000000e+00
6.220000000000000639e+00 0.000000000000000000e+00 0.000000000000000000e+00 0.000000000000000000e+00
6.259999999999999787e+00 0.000000000000000000e+00 0.000000000000000000e+00 0.000000000000000000e+00
6.300000000000000711e+00 0.000000000000000000e+00 0.000000000000000000e+00 0.000000000000000000e+00
6.339999999999999858e+00 0.000000000000000000e+00 0.000000000000000000e+00 0.000000000000000000e+00
6.380000000000000782e+00 0.000000000000000000e+00 0.000000000000000000e+00 0.000000000000000000e+00
6.419999999999999929e+00 0.000000000000000000e+00 0.000000000000000000e+00 0.000000000000000000e+00
6.460000000000000853e+00 0.000000000000000000e+00 0.000000000000000000e+00 0.000000000000000000e+00
6.500000000000000000e+00 0.000000000000000000e+00 0.000000000000000000e+00 0.000000000000000000e+00
6.540000000000000924e+00 0.000000000000000000e+00 0.000000000000000000e+00 0.000000000000000000e+00
6.580000000000000071e+00 0.000000000000000000e+00 0.000000000000000000e+00 0.000000000000000000e+00
6.620000000000000995e+00 0.000000000000000000e+00 0.000000000000000000e+00 0.000000000000000000e+00
6.660000000000000142e+00 0.000000000000000000e+00 0.000000000000000000e+00 0.000000000000000000e+00
6.699999999999999289e+00 0.000000000000000000e+00 0.000000000000000000e+00 0.000000000000000000e+00
6.740000000000000213e+00 0.000000000000000000e+00 0.000000000000000000e+00 0.000000000000000000e+00
6.779999999999999361e+00 0.000000000000000000e+00 0.000000000000000000e+00 0.000000000000000000e+00
6.820000000000000284e+00 0.000000000000000000e+00 0.000000000000000000e+00 0.000000000000000000e+00
6.859999999999999432e+00 0.000000000000000000e+00 0.000000000000000000e+00 0.000000000000000000e+00
6.900000000000000355e+00 0.000000000000000000e+00 0.000000000000000000e+00 0.000000000000000000e+00
6.939999999999999503e+00 0.000000000000000000e+00 0.000000000000000000e+00 0.000000000000000000e+00
6.980000000000000426e+00 0.000000000000000000e+00 0.000000000000000000e+00 0.000000000000000000e+00
7.019999999999999574e+00 0.000000000000000000e+00 0.000000000000000000e+00 0.000000000000000000e+00
7.060000000000000497e+00 0.000000000000000000e+00 0.000000000000000000e+00 0.000000000000000000e+00
7.099999999999999645e+00 0.000000000000000000e+00 0.000000000000000000e+00 0.000000000000000000e+00
7.140000000000000568e+00 0.000000000000000000e+00 0.000000000000000000e+00 0.000000000000000000e+00
7.179999999999999716e+00 0.000000000000000000e+00 0.000000000000000000e+00 0.000000000000000000e+00
7.220000000000000639e+00 0.000000000000000000e+00 0.000000000000000000e+00 0.000000000000000000e+00
7.259999999999999787e+00 0.000000000000000000e+00 0.000000000000000000e+00 0.000000000000000000e+00
7.300000000000000711e+00 0.000000000000000000e+00 0.000000000000000000e+00 0.000000000000000000e+00
7.339999999999999858e+00 0.000000000000000000e+00 0.000000000000000000e+00 0.000000000000000000e+00
7.380000000000000782e+00 0.000000000000000000e+00 0.000000000000000000e+00 0.000000000000000000e+00
7.419999999999999929e+00 0.000000000000000000e+00 0.000000000000000000e+00 0.000000000000000000e+00
7.460000000000000853e+00 0.000000000000000000e+00 0.000000000000000000e+00 0.000000000000000000e+00
7.500000000000000000e+00 0.000000000000000000e+00 0.000000000000000000e+00 0.000000000000000000e+00
7.540000000000000924e+00 0.000000000000000000e+00 0.000000000000000000e+00 0.000000000000000000e+00
7.580000000000000071e+00 0.000000000000000000e+00 0.000000000000000000e+00 0.000000000000000000e+00
7.620000000000000995e+00 0.000000000000000000e+00 0.000000000000000000e+00 0.000000000000000000e+00
7.660000000000000142e+00 0.000000000000000000e+00 0.000000000000000000e+00 0.000000000000000000e+00
7.699999999999999289e+00 0.000000000000000000e+00 0.000000000000000000e+00 0.000000000000000000e+00
7.740000000000000213e+00 0.000000000000000000e+00 0.000000000000000000e+00 0.000000000000000000e+00
7.779999999999999361e+00 0.000000000000000000e+00 0.000000000000000000e+00 0.000000000000000000e+00
7.820000000000000284e+00 0.000000000000000000e+00 0.000000000000000000e+00 0.000000000000000000e+00
7.859999999999999432e+00 0.000000000000000000e+00 0.000000000000000000e+00 0.000000000000000000e+00
7.900000000000000355e+00 0.000000000000000000e+00 0.000000000000000000e+00 0.000000000000000000e+00
7.939999999999999503e+00 0.000000000000000000e+00 0.000000000000000000e+00 0.000000000000000000e+00
7.980000000000000426e+00 0.000000000000000000e+00 0.000000000000000000e+00 0.000000000000000000e+00
