# r_A g_mean g_min g_max
2.000000000000000042e-02 0.000000000000000000e+00 0.000000000000000000e+00 0.000000000000000000e+00
5.999999999999999778e-02 0.000000000000000000e+00 0.000000000000000000e+00 0.000000000000000000e+00
1.000000000000000056e-01 0.000000000000000000e+00 0.000000000000000000e+00 0.000000000000000000e+00
1.400000000000000133e-01 0.000000000000000000e+00 0.000000000000000000e+00 0.000000000000000000e+00
1.799999999999999933e-01 0.000000000000000000e+00 0.000000000000000000e+00 0.000000000000000000e+00
2.200000000000000011e-01 0.000000000000000000e+00 0.000000000000000000e+00 0.000000000000000000e+00
2.600000000000000089e-01 0.000000000000000000e+00 0.000000000000000000e+00 0.000000000000000000e+00
3.000000000000000444e-01 0.000000000000000000e+00 0.000000000000000000e+00 0.000000000000000000e+00
3.399999999999999689e-01 0.000000000000000000e+00 0.000000000000000000e+00 0.000000000000000000e+00
3.800000000000000044e-01 0.000000000000000000e+00 0.000000000000000000e+00 0.000000000000000000e+00
4.200000000000000400e-01 0.000000000000000000e+00 0.000000000000000000e+00 0.000000000000000000e+00
4.599999999999999645e-01 0.000000000000000000e+00 0.000000000000000000e+00 0.000000000000000000e+00
5.000000000000000000e-01 0.000000000000000000e+00 0.000000000000000000e+00 0.000000000000000000e+00
5.400000000000000355e-01 0.000000000000000000e+00 0.000000000000000000e+00 0.000000000000000000e+00
5.800000000000000711e-01 0.000000000000000000e+00 0.000000000000000000e+00 0.000000000000000000e+00
6.199999999999999956e-01 0.000000000000000000e+00 0.000000000000000000e+00 0.000000000000000000e+00
6.600000000000000311e-01 0.000000000000000000e+00 0.000000000000000000e+00 0.000000000000000000e+00
6.999999999999999556e-01 0.000000000000000000e+00 0.000000000000000000e+00 0.000000000000000000e+00
7.399999999999999911e-01 0.000000000000000000e+00 0.000000000000000000e+00 0.000000000000000000e+00
7.800000000000000266e-01 0.000000000000000000e+00 0.000000000000000000e+00 0.000000000000000000e+00
8.200000000000000622e-01 0.000000000000000000e+00 0.000000000000000000e+00 0.000000000000000000e+00
8.599999999999999867e-01 0.000000000000000000e+00 0.000000000000000000e+00 0.000000000000000000e+00
9.000000000000000222e-01 0.000000000000000000e+00 0.000000000000000000e+00 0.000000000000000000e+00
9.399999999999999467e-01 0.000000000000000000e+00 0.000000000000000000e+00 0.000000000000000000e+00
9.799999999999999822e-01 0.000000000000000000e+00 0.000000000000000000e+00 0.000000000000000000e+00
1.020000000000000018e+00 0.000000000000000000e+00 0.000000000000000000e+00 0.000000000000000000e+00
1.060000000000000053e+00 0.000000000000000000e+00 0.000000000000000000e+00 0.000000000000000000e+00
1.100000000000000089e+00 0.000000000000000000e+00 0.000000000000000000e+00 0.000000000000000000e+00
1.140000000000000124e+00 0.000000000000000000e+00 0.000000000000000000e+00 0.000000000000000000e+00
1.179999999999999938e+00 0.000000000000000000e+00 0.000000000000000000e+00 0.000000000000000000e+00
1.219999999999999973e+00 0.000000000000000000e+00 0.000000000000000000e+00 0.000000000000000000e+00
1.260000000000000009e+00 9.583333333333332810e-04 3.125000000000000065e-04 1.562500000000000087e-03
1.300000000000000044e+00 6.782291666666666330e-02 5.489583333333333121e-02 7.885416666666666963e-02
1.340000000000000080e+00 8.099791666666666945e-01 7.860416666666666385e-01 8.247916666666667007e-01
1.380000000000000115e+00 2.045864583333333542e+00 1.995104166666666679e+00 2.093750000000000000e+00
1.419999999999999929e+00 1.549124999999999863e+00 1.512916666666666687e+00 1.577395833333333330e+00
1.459999999999999964e+00 1.536989583333333353e+00 1.518124999999999947e+00 1.551250000000000018e+00
1.500000000000000000e+00 1.610302083333333467e+00 1.581250000000000044e+00 1.640833333333333366e+00
1.540000000000000036e+00 6.304479166666665524e-01 6.092708333333333171e-01 6.537500000000000533e-01
1.580000000000000071e+00 7.933333333333332515e-02 7.083333333333333148e-02 9.010416666666666574e-02
1.620000000000000107e+00 2.489583333333333232e-03 1.770833333333333244e-03 3.854166666666666765e-03
1.660000000000000142e+00 2.083333333333333603e-05 0.000000000000000000e+00 1.041666666666666734e-04
1.699999999999999956e+00 0.000000000000000000e+00 0.000000000000000000e+00 0.000000000000000000e+00
1.739999999999999991e+00 0.000000000000000000e+00 0.000000000000000000e+00 0.000000000000000000e+00
1.780000000000000027e+00 0.000000000000000000e+00 0.000000000000000000e+00 0.000000000000000000e+00
1.820000000000000062e+00 0.000000000000000000e+00 0.000000000000000000e+00 0.000000000000000000e+00
1.860000000000000098e+00 0.000000000000000000e+00 0.000000000000000000e+00 0.000000000000000000e+00
1.899999999999999911e+00 0.000000000000000000e+00 0.000000000000000000e+00 0.000000000000000000e+00
1.939999999999999947e+00 0.000000000000000000e+00 0.000000000000000000e+00 0.000000000000000000e+00
1.979999999999999982e+00 0.000000000000000000e+00 0.000000000000000000e+00 0.000000000000000000e+00
2.020000000000000018e+00 0.000000000000000000e+00 0.000000000000000000e+00 0.000000000000000000e+00
2.060000000000000053e+00 0.000000000000000000e+00 0.000000000000000000e+00 0.000000000000000000e+00
2.100000000000000089e+00 0.000000000000000000e+00 0.000000000000000000e+00 0.000000000000000000e+00
2.140000000000000124e+00 0.000000000000000000e+00 0.000000000000000000e+00 0.000000000000000000e+00
2.180000000000000160e+00 1.041666666666666801e-05 0.000000000000000000e+00 1.041666666666666734e-04
2.220000000000000195e+00 5.000000000000000104e-04 1.041666666666666734e-04 1.145833333333333339e-03
2.260000000000000231e+00 4.218750000000000278e-03 2.916666666666666800e-03 7.187500000000000312e-03
2.299999999999999822e+00 2.531249999999999820e-02 2.114583333333333245e-02 3.062499999999999944e-02
2.339999999999999858e+00 1.011458333333333376e-01 9.208333333333333648e-02 1.167708333333333376e-01
2.379999999999999893e+00 3.047083333333334143e-01 2.800000000000000266e-01 3.222916666666666430e-01
2.419999999999999929e+00 7.164062500000000222e-01 6.910416666666666652e-01 7.458333333333333481e-01
2.459999999999999964e+00 1.318187500000000068e+00 1.306666666666666643e+00 1.335625000000000062e+00
2.500000000000000000e+00 1.840666666666666673e+00 1.809583333333333321e+00 1.862500000000000044e+00
2.540000000000000036e+00 1.843281249999999760e+00 1.768854166666666616e+00 1.905520833333333330e+00
2.580000000000000071e+00 1.306750000000000078e+00 1.287604166666666661e+00 1.321979166666666705e+00
2.620000000000000107e+00 6.254270833333334112e-01 6.079166666666666607e-01 6.527083333333333348e-01
2.660000000000000142e+00 1.980624999999999747e-01 1.808333333333333459e-01 2.246875000000000122e-01
2.700000000000000178e+00 4.206249999999999573e-02 3.562499999999999695e-02 5.104166666666666574e-02
2.740000000000000213e+00 6.052083333333332926e-03 3.437500000000000017e-03 8.541666666666666158e-03
2.780000000000000249e+00 5.937499999999999853e-04 3.125000000000000065e-04 1.145833333333333339e-03
2.820000000000000284e+00 2.500000000000000052e-04 0.000000000000000000e+00 6.250000000000000130e-04
2.859999999999999876e+00 5.416666666666666418e-04 3.125000000000000065e-04 1.145833333333333339e-03
2.899999999999999911e+00 1.291666666666666657e-03 6.250000000000000130e-04 2.291666666666666678e-03
2.939999999999999947e+00 3.343749999999999500e-03 1.979166666666666834e-03 5.416666666666666852e-03
2.979999999999999982e+00 7.374999999999999611e-03 4.687499999999999827e-03 1.083333333333333370e-02
3.020000000000000018e+00 1.573958333333333459e-02 1.114583333333333398e-02 2.083333333333333218e-02
3.060000000000000053e+00 3.070833333333333054e-02 2.583333333333333315e-02 3.437500000000000278e-02
3.100000000000000089e+00 5.310416666666666063e-02 4.895833333333333287e-02 5.677083333333333287e-02
3.140000000000000124e+00 8.328125000000000111e-02 7.822916666666666907e-02 8.864583333333332649e-02
3.180000000000000160e+00 1.204375000000000168e-01 1.144791666666666735e-01 1.281249999999999889e-01
3.220000000000000195e+00 1.542291666666666949e-01 1.433333333333333404e-01 1.618749999999999911e-01
3.260000000000000231e+00 1.833645833333333586e-01 1.758333333333333415e-01 1.913541666666666585e-01
3.300000000000000266e+00 2.015729166666666572e-01 1.909375000000000100e-01 2.110416666666666552e-01
3.339999999999999858e+00 2.033749999999999447e-01 1.901041666666666574e-01 2.131250000000000089e-01
3.379999999999999893e+00 1.912708333333333344e-01 1.705208333333333437e-01 2.015625000000000056e-01
3.419999999999999929e+00 1.741874999999999674e-01 1.636458333333333237e-01 1.856250000000000122e-01
3.459999999999999964e+00 1.479999999999999927e-01 1.426041666666666707e-01 1.578124999999999944e-01
3.500000000000000000e+00 1.213020833333333243e-01 1.177083333333333315e-01 1.295833333333333282e-01
3.540000000000000036e+00 9.912500000000000477e-02 9.427083333333333148e-02 1.045833333333333337e-01
3.580000000000000071e+00 7.841666666666667618e-02 7.260416666666666408e-02 8.645833333333333148e-02
3.620000000000000107e+00 6.595833333333332715e-02 5.802083333333333398e-02 7.697916666666666796e-02
3.660000000000000142e+00 6.142708333333333354e-02 5.427083333333333065e-02 7.520833333333333537e-02
3.700000000000000178e+00 7.096874999999999711e-02 6.354166666666666297e-02 8.572916666666666186e-02
3.740000000000000213e+00 1.107083333333333253e-01 9.843749999999999722e-02 1.245833333333333376e-01
3.780000000000000249e+00 1.897083333333333122e-01 1.737499999999999878e-01 2.036458333333333315e-01
3.820000000000000284e+00 2.807083333333333375e-01 2.527083333333333126e-01 3.132291666666666696e-01
3.859999999999999876e+00 3.225833333333333330e-01 2.856250000000000178e-01 3.801041666666666874e-01
3.899999999999999911e+00 2.772395833333333171e-01 2.419791666666666619e-01 3.343749999999999778e-01
3.939999999999999947e+00 1.711250000000000271e-01 1.545833333333333226e-01 1.920833333333333282e-01
3.979999999999999982e+00 8.453125000000001610e-02 7.395833333333333426e-02 9.812500000000000389e-02
4.019999999999999574e+00 3.773958333333334025e-02 3.437500000000000278e-02 4.333333333333333481e-02
4.060000000000000497e+00 2.630208333333333010e-02 2.302083333333333412e-02 3.270833333333333232e-02
4.099999999999999645e+00 2.755208333333333814e-02 2.437500000000000083e-02 3.072916666666666505e-02
4.140000000000000568e+00 3.748958333333334003e-02 3.197916666666666963e-02 4.302083333333333454e-02
4.179999999999999716e+00 4.895833333333333287e-02 4.197916666666666463e-02 5.489583333333333121e-02
4.220000000000000639e+00 6.421874999999999112e-02 5.874999999999999667e-02 6.989583333333333759e-02
4.259999999999999787e+00 8.897916666666667862e-02 7.916666666666666297e-02 9.531249999999999445e-02
4.300000000000000711e+00 1.159166666666666401e-01 1.086458333333333304e-01 1.265624999999999944e-01
4.339999999999999858e+00 1.504791666666666639e-01 1.348958333333333259e-01 1.655208333333333393e-01
4.380000000000000782e+00 1.897083333333333122e-01 1.755208333333333204e-01 2.088541666666666741e-01
4.419999999999999929e+00 2.218541666666666856e-01 2.030208333333333448e-01 2.479166666666666741e-01
4.460000000000000853e+00 2.496145833333333619e-01 2.165624999999999911e-01 2.873958333333333504e-01
4.500000000000000000e+00 2.667604166666666110e-01 2.359374999999999944e-01 3.007291666666666585e-01
4.540000000000000924e+00 2.643437499999999885e-01 2.227083333333333415e-01 3.044791666666666896e-01
4.580000000000000071e+00 2.556354166666666705e-01 2.317708333333333426e-01 2.983333333333333393e-01
4.620000000000000107e+00 2.308749999999999969e-01 2.096874999999999989e-01 2.503124999999999933e-01
4.660000000000000142e+00 2.074062499999999587e-01 1.965625000000000011e-01 2.268749999999999933e-01
4.699999999999999289e+00 1.817604166666666465e-01 1.758333333333333415e-01 1.919791666666666730e-01
4.740000000000000213e+00 1.613437500000000080e-01 1.559375000000000067e-01 1.716666666666666619e-01
4.779999999999999361e+00 1.475625000000000131e-01 1.419791666666666563e-01 1.516666666666666718e-01
4.820000000000000284e+00 1.411041666666666694e-01 1.280208333333333337e-01 1.512499999999999956e-01
4.859999999999999432e+00 1.475104166666666716e-01 1.295833333333333282e-01 1.664583333333333470e-01
4.900000000000000355e+00 1.559166666666666479e-01 1.271875000000000089e-01 1.780208333333333226e-01
4.939999999999999503e+00 1.643541666666666623e-01 1.234375000000000056e-01 1.887500000000000011e-01
4.980000000000000426e+00 1.644166666666666554e-01 1.208333333333333343e-01 1.910416666666666652e-01
5.019999999999999574e+00 1.476562499999999889e-01 1.062499999999999972e-01 1.728125000000000078e-01
5.060000000000000497e+00 1.139374999999999971e-01 8.041666666666666408e-02 1.362500000000000100e-01
5.099999999999999645e+00 7.472916666666665209e-02 5.854166666666666546e-02 8.906250000000000278e-02
5.140000000000000568e+00 4.227083333333333387e-02 3.281250000000000139e-02 5.343749999999999889e-02
5.179999999999999716e+00 2.406250000000000056e-02 1.937499999999999986e-02 3.114583333333333440e-02
5.220000000000000639e+00 1.582291666666666569e-02 1.124999999999999958e-02 2.093750000000000125e-02
5.259999999999999787e+00 1.303124999999999943e-02 9.479166666666666990e-03 1.739583333333333259e-02
5.300000000000000711e+00 1.294791666666666660e-02 9.791666666666667268e-03 1.729166666666666699e-02
5.339999999999999858e+00 1.281250000000000097e-02 9.583333333333332593e-03 1.677083333333333204e-02
5.380000000000000782e+00 1.355208333333333091e-02 1.010416666666666581e-02 1.708333333333333232e-02
5.419999999999999929e+00 1.455208333333333527e-02 1.041666666666666609e-02 1.864583333333333370e-02
5.460000000000000853e+00 1.629166666666666610e-02 1.166666666666666720e-02 2.166666666666666741e-02
5.500000000000000000e+00 1.708333333333333232e-02 1.260416666666666630e-02 2.197916666666666768e-02
5.540000000000000924e+00 1.772916666666666738e-02 1.229166666666666602e-02 2.145833333333333273e-02
5.580000000000000071e+00 1.929166666666666530e-02 1.354166666666666713e-02 2.385416666666666588e-02
5.620000000000000107e+00 2.057291666666666297e-02 1.541666666666666706e-02 2.687499999999999958e-02
5.660000000000000142e+00 2.084375000000000117e-02 1.604166666666666588e-02 2.593749999999999875e-02
5.699999999999999289e+00 2.261458333333333376e-02 1.656250000000000083e-02 2.875000000000000125e-02
5.740000000000000213e+00 2.385416666666666588e-02 1.864583333333333370e-02 2.822916666666666630e-02
5.779999999999999361e+00 2.405208333333332810e-02 1.895833333333333398e-02 3.031249999999999917e-02
5.820000000000000284e+00 2.317708333333333079e-02 1.656250000000000083e-02 2.979166666666666768e-02
5.859999999999999432e+00 2.411458333333333509e-02 1.812499999999999875e-02 3.020833333333333356e-02
5.900000000000000355e+00 2.515625000000000153e-02 1.770833333333333287e-02 3.145833333333333121e-02
5.939999999999999503e+00 2.648958333333333373e-02 2.104166666666666685e-02 3.302083333333333259e-02
5.980000000000000426e+00 2.755208333333333121e-02 1.968750000000000014e-02 3.354166666666666408e-02
6.019999999999999574e+00 2.961458333333333304e-02 2.020833333333333162e-02 3.718749999999999833e-02
6.060000000000000497e+00 3.102083333333333776e-02 2.114583333333333245e-02 3.843749999999999944e-02
6.099999999999999645e+00 3.424999999999999573e-02 2.229166666666666796e-02 4.177083333333333343e-02
6.140000000000000568e+00 3.590625000000000067e-02 2.249999999999999917e-02 4.510416666666666741e-02
6.179999999999999716e+00 3.644791666666667013e-02 2.447916666666666644e-02 4.635416666666666852e-02
6.220000000000000639e+00 3.534375000000000017e-02 2.406250000000000056e-02 4.333333333333333481e-02
6.259999999999999787e+00 2.871874999999999775e-02 1.781249999999999847e-02 3.760416666666666768e-02
6.300000000000000711e+00 2.321874999999999981e-02 1.250000000000000069e-02 2.833333333333333190e-02
6.339999999999999858e+00 1.541666666666666706e-02 9.895833333333332871e-03 1.916666666666666519e-02
6.380000000000000782e+00 8.802083333333333634e-03 6.666666666666667095e-03 1.093749999999999931e-02
6.419999999999999929e+00 4.354166666666667643e-03 2.395833333333333148e-03 6.458333333333333287e-03
6.460000000000000853e+00 1.677083333333333594e-03 1.041666666666666652e-03 2.291666666666666678e-03
6.500000000000000000e+00 4.687499999999998742e-04 1.041666666666666734e-04 8.333333333333333868e-04
6.540000000000000924e+00 1.250000000000000026e-04 0.000000000000000000e+00 4.166666666666666934e-04
6.580000000000000071e+00 4.166666666666667205e-05 0.000000000000000000e+00 2.083333333333333467e-04
6.620000000000000995e+00 0.000000000000000000e+00 0.000000000000000000e+00 0.000000000000000000e+00
6.660000000000000142e+00 0.000000000000000000e+00 0.000000000000000000e+00 0.000000000000000000e+00
6.699999999999999289e+00 0.000000000000000000e+00 0.000000000000000000e+00 0.000000000000000000e+00
6.740000000000000213e+00 0.000000000000000000e+00 0.000000000000000000e+00 0.000000000000000000e+00
6.779999999999999361e+00 0.000000000000000000e+00 0.000000000000000000e+00 0.000000000000000000e+00
6.820000000000000284e+00 0.000000000000000000e+00 0.000000000000000000e+00 0.000000000000000000e+00
6.859999999999999432e+00 0.000000000000000000e+00 0.000000000000000000e+00 0.000000000000000000e+00
6.900000000000000355e+00 0.000000000000000000e+00 0.000000000000000000e+00 0.000000000000000000e+00
6.939999999999999503e+00 0.000000000000000000e+00 0.000000000000000000e+00 0.000000000000000000e+00
6.980000000000000426e+00 0.000000000000000000e+00 0.000000000000000000e+00 0.000000000000000000e+00
7.019999999999999574e+00 0.000000000000000000e+00 0.000000000000000000e+00 0.000000000000000000e+00
7.060000000000000497e+00 0.000000000000000000e+00 0.000000000000000000e+00 0.000000000000000000e+00
7.099999999999999645e+00 0.000000000000000000e+00 0.000000000000000000e+00 0.000000000000000000e+00
7.140000000000000568e+00 0.000000000000000000e+00 0.000000000000000000e+00 0.000000000000000000e+00
7.179999999999999716e+00 0.000000000000000000e+00 0.000000000000000000e+00 0.000000000000000000e+00
7.220000000000000639e+00 0.000000000000000000e+00 0.000000000000000000e+00 0.000000000000000000e+00
7.259999999999999787e+00 0.000000000000000000e+00 0.000000000000000000e+00 0.000000000000000000e+00
7.300000000000000711e+00 0.000000000000000000e+00 0.000000000000000000e+00 0.000000000000000000e+00
7.339999999999999858e+00 0.000000000000000000e+00 0.000000000000000000e+00 0.000000000000000000e+00
7.380000000000000782e+00 0.000000000000000000e+00 0.000000000000000000e+00 0.000000000000000000e+00
7.419999999999999929e+00 0.000000000000000000e+00 0.000000000000000000e+00 0.000000000000000000e+00
7.460000000000000853e+00 0.000000000000000000e+00 0.000000000000000000e+00 0.000000000000000000e+00
7.500000000000000000e+00 0.000000000000000000e+00 0.000000000000000000e+00 0.000000000000000000e+00
7.540000000000000924e+00 0.000000000000000000e+00 0.000000000000000000e+00 0.000000000000000000e+00
7.580000000000000071e+00 0.000000000000000000e+00 0.000000000000000000e+00 0.000000000000000000e+00
7.620000000000000995e+00 0.000000000000000000e+00 0.000000000000000000e+00 0.000000000000000000e+00
7.660000000000000142e+00 0.000000000000000000e+00 0.000000000000000000e+00 0.000000000000000000e+00
7.699999999999999289e+00 0.000000000000000000e+00 0.000000000000000000e+00 0.000000000000000000e+00
7.740000000000000213e+00 0.000000000000000000e+00 0.000000000000000000e+00 0.000000000000000000e+00
7.779999999999999361e+00 0.000000000000000000e+00 0.000000000000000000e+00 0.000000000000000000e+00
7.820000000000000284e+00 0.000000000000000000e+00 0.000000000000000000e+00 0.000000000000000000e+00
7.859999999999999432e+00 0.000000000000000000e+00 0.000000000000000000e+00 0.000000000000000000e+00
7.900000000000000355e+00 0.000000000000000000e+00 0.000000000000000000e+00 0.000000000000000000e+00
7.939999999999999503e+00 0.000000000000000000e+00 0.000000000000000000e+00 0.000000000000000000e+00
7.980000000000000426e+00 0.000000000000000000e+00 0.000000000000000000e+00 0.000000000000000000e+00
