# r_A g_mean g_min g_max
2.000000000000000042e-02 0.000000000000000000e+00 0.000000000000000000e+00 0.000000000000000000e+00
5.999999999999999778e-02 0.000000000000000000e+00 0.000000000000000000e+00 0.000000000000000000e+00
1.000000000000000056e-01 0.000000000000000000e+00 0.000000000000000000e+00 0.000000000000000000e+00
1.400000000000000133e-01 0.000000000000000000e+00 0.000000000000000000e+00 0.000000000000000000e+00
1.799999999999999933e-01 0.000000000000000000e+00 0.000000000000000000e+00 0.000000000000000000e+00
2.200000000000000011e-01 0.000000000000000000e+00 0.000000000000000000e+00 0.000000000000000000e+00
2.600000000000000089e-01 0.000000000000000000e+00 0.000000000000000000e+00 0.000000000000000000e+00
3.000000000000000444e-01 0.000000000000000000e+00 0.000000000000000000e+00 0.000000000000000000e+00
3.399999999999999689e-01 0.000000000000000000e+00 0.000000000000000000e+00 0.000000000000000000e+00
3.800000000000000044e-01 0.000000000000000000e+00 0.000000000000000000e+00 0.000000000000000000e+00
4.200000000000000400e-01 0.000000000000000000e+00 0.000000000000000000e+00 0.000000000000000000e+00
4.599999999999999645e-01 0.000000000000000000e+00 0.000000000000000000e+00 0.000000000000000000e+00
5.000000000000000000e-01 0.000000000000000000e+00 0.000000000000000000e+00 0.000000000000000000e+00
5.400000000000000355e-01 0.000000000000000000e+00 0.000000000000000000e+00 0.000000000000000000e+00
5.800000000000000711e-01 0.000000000000000000e+00 0.000000000000000000e+00 0.000000000000000000e+00
6.199999999999999956e-01 0.000000000000000000e+00 0.000000000000000000e+00 0.000000000000000000e+00
6.600000000000000311e-01 0.000000000000000000e+00 0.000000000000000000e+00 0.000000000000000000e+00
6.999999999999999556e-01 0.000000000000000000e+00 0.000000000000000000e+00 0.000000000000000000e+00
7.399999999999999911e-01 0.000000000000000000e+00 0.000000000000000000e+00 0.000000000000000000e+00
7.800000000000000266e-01 0.000000000000000000e+00 0.000000000000000000e+00 0.000000000000000000e+00
8.200000000000000622e-01 0.000000000000000000e+00 0.000000000000000000e+00 0.000000000000000000e+00
8.599999999999999867e-01 0.000000000000000000e+00 0.000000000000000000e+00 0.000000000000000000e+00
9.000000000000000222e-01 0.000000000000000000e+00 0.000000000000000000e+00 0.000000000000000000e+00
9.399999999999999467e-01 0.000000000000000000e+00 0.000000000000000000e+00 0.000000000000000000e+00
9.799999999999999822e-01 0.000000000000000000e+00 0.000000000000000000e+00 0.000000000000000000e+00
1.020000000000000018e+00 0.000000000000000000e+00 0.000000000000000000e+00 0.000000000000000000e+00
1.060000000000000053e+00 0.000000000000000000e+00 0.000000000000000000e+00 0.000000000000000000e+00
1.100000000000000089e+00 3.485376117951933139e+00 3.480757329256670030e+00 3.488066278840204149e+00
1.140000000000000124e+00 0.000000000000000000e+00 0.000000000000000000e+00 0.000000000000000000e+00
1.179999999999999938e+00 0.000000000000000000e+00 0.000000000000000000e+00 0.000000000000000000e+00
1.219999999999999973e+00 0.000000000000000000e+00 0.000000000000000000e+00 0.000000000000000000e+00
1.260000000000000009e+00 0.000000000000000000e+00 0.000000000000000000e+00 0.000000000000000000e+00
1.300000000000000044e+00 0.000000000000000000e+00 0.000000000000000000e+00 0.000000000000000000e+00
1.340000000000000080e+00 0.000000000000000000e+00 0.000000000000000000e+00 0.000000000000000000e+00
1.380000000000000115e+00 0.000000000000000000e+00 0.000000000000000000e+00 0.000000000000000000e+00
1.419999999999999929e+00 0.000000000000000000e+00 0.000000000000000000e+00 0.000000000000000000e+00
1.459999999999999964e+00 0.000000000000000000e+00 0.000000000000000000e+00 0.000000000000000000e+00
1.500000000000000000e+00 0.000000000000000000e+00 0.000000000000000000e+00 0.000000000000000000e+00
1.540000000000000036e+00 0.000000000000000000e+00 0.000000000000000000e+00 0.000000000000000000e+00
1.580000000000000071e+00 0.000000000000000000e+00 0.000000000000000000e+00 0.000000000000000000e+00
1.620000000000000107e+00 0.000000000000000000e+00 0.000000000000000000e+00 0.000000000000000000e+00
1.660000000000000142e+00 0.000000000000000000e+00 0.000000000000000000e+00 0.000000000000000000e+00
1.699999999999999956e+00 0.000000000000000000e+00 0.000000000000000000e+00 0.000000000000000000e+00
1.739999999999999991e+00 0.000000000000000000e+00 0.000000000000000000e+00 0.000000000000000000e+00
1.780000000000000027e+00 2.091457059716732755e-05 0.000000000000000000e+00 5.231978971630117404e-05
1.820000000000000062e+00 2.056468879628125211e-04 8.720165697100509795e-05 4.184398053418025734e-04
1.860000000000000098e+00 2.005897284631121165e-03 1.360345848747679560e-03 2.755508925058528305e-03
1.899999999999999911e+00 1.105753314595332715e-02 9.330577295897545670e-03 1.316341887637753963e-02
1.939999999999999947e+00 4.374832342821566994e-02 3.999067988690294118e-02 4.657339674609989322e-02
1.979999999999999982e+00 1.164597869252092660e-01 1.127866231262980024e-01 1.196752105677755529e-01
2.020000000000000018e+00 2.251725317302674667e-01 2.216681486354273034e-01 2.281277529355353051e-01
2.060000000000000053e+00 3.726778238170526669e-01 3.639881568032562464e-01 3.811289226988251455e-01
2.100000000000000089e+00 6.059017027940825084e-01 5.940434495975895901e-01 6.136064937927800944e-01
2.140000000000000124e+00 8.751312053911753930e-01 8.594230551963947251e-01 8.915671812029503096e-01
2.180000000000000160e+00 9.243645396390463009e-01 9.019644354061446823e-01 9.438009737285824041e-01
2.220000000000000195e+00 6.426437737917641835e-01 6.328601764083789938e-01 6.496214708005697558e-01
2.260000000000000231e+00 2.801616758854129086e-01 2.708899391494003495e-01 2.936924383742776645e-01
2.299999999999999822e+00 7.618357145410835363e-02 6.895335840136916639e-02 8.541402526539544626e-02
2.339999999999999858e+00 1.748117565990677663e-02 1.396970544675501733e-02 2.064303039686226152e-02
2.379999999999999893e+00 1.518760838265905203e-02 1.356857782468839403e-02 1.735394805803048765e-02
2.419999999999999929e+00 2.784810391138699617e-02 2.476527057976544988e-02 2.995331606571736624e-02
2.459999999999999964e+00 5.148008584774056706e-02 4.680984946203553543e-02 5.350820923538109758e-02
2.500000000000000000e+00 8.670508502256757399e-02 8.155098959928397395e-02 9.030824890756430912e-02
2.540000000000000036e+00 1.344969580593390612e-01 1.329590781503914854e-01 1.366013582077901800e-01
2.580000000000000071e+00 1.911571798796931065e-01 1.894089951229580848e-01 1.932843200841342923e-01
2.620000000000000107e+00 2.491890363013329335e-01 2.436951995235923651e-01 2.536347394658654553e-01
2.660000000000000142e+00 2.935369317062721528e-01 2.870497064644765839e-01 3.030606386370311434e-01
2.700000000000000178e+00 3.149578440474312679e-01 3.115173065557501064e-01 3.206928136765683779e-01
2.740000000000000213e+00 3.118029570732436806e-01 3.075706038122291708e-01 3.147285655481657507e-01
2.780000000000000249e+00 2.928649281057787435e-01 2.872414913752582288e-01 2.956910945291659765e-01
2.820000000000000284e+00 2.605624502791564767e-01 2.564687306907464937e-01 2.632189691894242789e-01
2.859999999999999876e+00 2.285577870764066710e-01 2.247309367614189757e-01 2.316019170321522713e-01
2.899999999999999911e+00 1.955040616472936699e-01 1.901983265197385031e-01 1.990645116601889586e-01
2.939999999999999947e+00 1.646699239690580518e-01 1.605235763446573038e-01 1.671570171453100606e-01
2.979999999999999982e+00 1.366615217812855443e-01 1.337787281019659491e-01 1.395791580373344498e-01
3.020000000000000018e+00 1.118510580525271109e-01 1.098740877834664259e-01 1.142778864534083616e-01
3.060000000000000053e+00 9.103291857685230637e-02 8.853287482403240927e-02 9.296297793845968715e-02
3.100000000000000089e+00 7.420219610049998138e-02 7.213606405835858160e-02 7.610373959654034848e-02
3.140000000000000124e+00 6.041193634026183201e-02 5.887855878682264621e-02 6.193258946863754166e-02
3.180000000000000160e+00 5.017628620386264254e-02 4.697282015831876628e-02 5.275578796393701198e-02
3.220000000000000195e+00 4.434366314929210490e-02 4.102707403618605086e-02 4.832979751697819709e-02
3.260000000000000231e+00 4.740051027473647649e-02 4.396196506851174357e-02 5.141579108137399323e-02
3.300000000000000266e+00 6.391978184291417786e-02 5.870297235791374635e-02 6.930409275973604954e-02
3.339999999999999858e+00 9.108303745296494891e-02 8.637499312550427077e-02 9.376538638034226381e-02
3.379999999999999893e+00 1.121238240695431321e-01 1.089825119790263502e-01 1.149759484818503180e-01
3.419999999999999929e+00 1.122657746323610234e-01 1.073291522476294280e-01 1.167952105766896509e-01
3.459999999999999964e+00 1.082419910161696447e-01 1.003676375891160849e-01 1.122987827586062609e-01
3.500000000000000000e+00 1.101703181685490252e-01 1.076606761153144493e-01 1.143885002497398024e-01
3.540000000000000036e+00 1.031424514470108827e-01 9.995480850102309023e-02 1.050840637702588759e-01
3.580000000000000071e+00 7.800430290747413509e-02 7.643564798255210457e-02 7.898800580894588252e-02
3.620000000000000107e+00 5.056614033384219942e-02 4.923248884342325965e-02 5.264750715796902292e-02
3.660000000000000142e+00 3.692441084708001503e-02 3.494680358573697132e-02 3.840170835331244148e-02
3.700000000000000178e+00 3.609659707727609634e-02 3.479016950592041940e-02 3.809545727799327347e-02
3.740000000000000213e+00 4.096206886472458092e-02 3.923006684260123972e-02 4.189137738430449148e-02
3.780000000000000249e+00 4.853863876288463247e-02 4.632152018299790647e-02 5.079187970699858279e-02
3.820000000000000284e+00 5.631819842428029826e-02 5.532993084455494620e-02 5.857828651716717044e-02
3.859999999999999876e+00 6.703002337692418044e-02 6.363976925743952684e-02 6.971912456181773854e-02
3.899999999999999911e+00 8.241309262066463803e-02 7.862101392505820019e-02 8.636899650969591391e-02
3.939999999999999947e+00 1.035864054282881613e-01 9.975869557482983097e-02 1.074690277328635007e-01
3.979999999999999982e+00 1.334196267445999784e-01 1.300525512065570100e-01 1.360105926407043919e-01
4.019999999999999574e+00 1.716415263241164446e-01 1.662859540022912364e-01 1.771360275143286367e-01
4.060000000000000497e+00 2.158237185846573480e-01 2.125627590325220306e-01 2.212241452442293699e-01
4.099999999999999645e+00 2.584651120480662145e-01 2.537365783722645984e-01 2.637369828377779113e-01
4.140000000000000568e+00 2.910400326597999965e-01 2.854979921863340375e-01 2.966823509591922647e-01
4.179999999999999716e+00 3.079642578994785662e-01 3.024622392945662819e-01 3.165226677359553320e-01
4.220000000000000639e+00 3.040885870018589232e-01 2.957672024090974294e-01 3.109695420577159308e-01
4.259999999999999787e+00 2.838854082697599979e-01 2.769112070384766588e-01 2.893031454211681397e-01
4.300000000000000711e+00 2.522224506629222596e-01 2.495296039188282522e-01 2.568481808490091778e-01
4.339999999999999858e+00 2.167700307785458969e-01 2.130223485505082226e-01 2.185600528221618988e-01
4.380000000000000782e+00 1.838726603534218684e-01 1.785454472042208862e-01 1.892929991935776435e-01
4.419999999999999929e+00 1.611432152955162844e-01 1.542149534727167703e-01 1.674233270921637595e-01
4.460000000000000853e+00 1.537112180583169729e-01 1.463832494818892715e-01 1.622785477700607881e-01
4.500000000000000000e+00 1.653240454751966348e-01 1.569647517628295352e-01 1.746957778627296065e-01
4.540000000000000924e+00 1.970126959059540217e-01 1.910761735895449009e-01 2.061862140821732192e-01
4.580000000000000071e+00 2.399479109019798384e-01 2.346469894664076072e-01 2.428584179528696652e-01
4.620000000000000107e+00 2.752258878368728512e-01 2.730110563466663920e-01 2.789683261830704364e-01
4.660000000000000142e+00 2.794629441112732593e-01 2.715848686587191141e-01 2.834265254754610996e-01
4.699999999999999289e+00 2.538728875063144264e-01 2.522246506908125685e-01 2.569832830935520063e-01
4.740000000000000213e+00 2.176983626419598250e-01 2.163647512764578507e-01 2.209710872042502383e-01
4.779999999999999361e+00 1.895319142465605178e-01 1.858376338090136359e-01 1.924441328322758493e-01
4.820000000000000284e+00 1.806409882241397091e-01 1.768226048764383329e-01 1.852773861175148196e-01
4.859999999999999432e+00 1.859485493291418989e-01 1.832967204522898963e-01 1.885823033654956404e-01
4.900000000000000355e+00 1.988492213141247744e-01 1.971978270742309192e-01 2.003021956577494822e-01
4.939999999999999503e+00 2.118942621906464152e-01 2.070405286847460669e-01 2.148338059050217963e-01
4.980000000000000426e+00 2.248627086514159434e-01 2.200570355467627304e-01 2.301741027928742855e-01
5.019999999999999574e+00 2.372017211957698490e-01 2.338868999617716715e-01 2.409728299044392730e-01
5.060000000000000497e+00 2.486937816042165961e-01 2.434614214798547782e-01 2.549132630081122342e-01
5.099999999999999645e+00 2.580184343198057006e-01 2.500700886673947743e-01 2.637717904110704614e-01
5.140000000000000568e+00 2.658970982987055587e-01 2.566285685584572263e-01 2.756585766904819934e-01
5.179999999999999716e+00 2.701706010261674118e-01 2.606920722264233214e-01 2.807230786045504800e-01
5.220000000000000639e+00 2.712769837005562512e-01 2.576575244228778150e-01 2.910435240857964789e-01
5.259999999999999787e+00 2.668253265068085689e-01 2.568697355041990593e-01 2.802879839383933813e-01
5.300000000000000711e+00 2.584814070411660114e-01 2.482748421337545031e-01 2.693345201603887795e-01
5.339999999999999858e+00 2.431216048145619646e-01 2.310833825000104813e-01 2.555746069006710197e-01
5.380000000000000782e+00 2.268649690504009886e-01 2.204232740747768260e-01 2.356124636173839992e-01
5.419999999999999929e+00 2.055962010603992474e-01 2.000316619452708611e-01 2.139447492427612452e-01
5.460000000000000853e+00 1.848819359059837297e-01 1.812329418590218344e-01 1.897948196113419805e-01
5.500000000000000000e+00 1.649687851647420045e-01 1.618141597240529139e-01 1.693388440683370189e-01
5.540000000000000924e+00 1.482629190078980641e-01 1.454630518618921786e-01 1.525736140227547666e-01
5.580000000000000071e+00 1.365705985667906019e-01 1.326106528931839668e-01 1.414675241893077473e-01
5.620000000000000107e+00 1.287966717432584840e-01 1.246725604052485031e-01 1.336915178067059340e-01
5.660000000000000142e+00 1.262785704138231768e-01 1.208518944717915933e-01 1.318085386826678140e-01
5.699999999999999289e+00 1.306002228946499255e-01 1.253982500689881929e-01 1.364848914399243163e-01
5.740000000000000213e+00 1.389554034215379485e-01 1.355025825280064267e-01 1.425602439867524607e-01
5.779999999999999361e+00 1.527945853585555291e-01 1.466906273566247754e-01 1.567779363716449159e-01
5.820000000000000284e+00 1.657595555837543533e-01 1.613579460591478276e-01 1.698402449989935559e-01
5.859999999999999432e+00 1.776366677318872433e-01 1.719228290077656485e-01 1.850022520499920164e-01
5.900000000000000355e+00 1.814512737155977162e-01 1.730215445918079631e-01 1.952008710247140622e-01
5.939999999999999503e+00 1.762773821710107713e-01 1.622785477700607881e-01 1.941740476125833614e-01
5.980000000000000426e+00 1.601873443597570390e-01 1.488846816026876962e-01 1.780233336048324122e-01
6.019999999999999574e+00 1.362058716553891657e-01 1.250617373518652375e-01 1.505601582769972580e-01
6.060000000000000497e+00 1.095228714928678793e-01 1.029361921140834329e-01 1.194769953267352108e-01
6.099999999999999645e+00 8.560104734677800864e-02 8.281545349261232314e-02 9.184489779990355485e-02
6.140000000000000568e+00 6.968589225601466708e-02 6.719713180678182907e-02 7.233097987757014513e-02
6.179999999999999716e+00 6.263862240648296331e-02 5.995893710710246266e-02 6.462429050927216700e-02
6.220000000000000639e+00 5.863604755118449752e-02 5.748316825883012515e-02 5.989854857458866422e-02
6.259999999999999787e+00 5.982975819824940672e-02 5.879079265052326170e-02 6.136118755141001940e-02
6.300000000000000711e+00 6.035979785055328728e-02 5.894418301236660496e-02 6.194805711220201933e-02
6.339999999999999858e+00 6.102903001444061337e-02 5.873363997986673357e-02 6.231430407148024625e-02
6.380000000000000782e+00 6.179601817619595483e-02 6.066960024894375858e-02 6.379805510060221341e-02
6.419999999999999929e+00 6.246700406579421688e-02 6.039113966260322569e-02 6.374294380436025531e-02
6.460000000000000853e+00 6.183406391685465631e-02 5.934492679282313277e-02 6.367471575467516243e-02
6.500000000000000000e+00 6.086849257139044511e-02 5.945272104762356485e-02 6.186290441719603794e-02
6.540000000000000924e+00 5.917278373078165010e-02 5.695788775271251603e-02 6.065607621109848913e-02
6.580000000000000071e+00 5.727892092863086371e-02 5.620099398757375658e-02 5.893087978100524510e-02
6.620000000000000995e+00 5.362302000180059480e-02 5.130636303324331848e-02 5.558105660861727831e-02
6.660000000000000142e+00 5.081743058623734710e-02 4.843473823660656569e-02 5.261747981630447712e-02
6.699999999999999289e+00 4.716978121569914695e-02 4.587638159960291673e-02 4.851900193866724026e-02
6.740000000000000213e+00 4.361659182948633695e-02 4.118025214502970405e-02 4.532566841414551601e-02
6.779999999999999361e+00 4.018195611515919946e-02 3.743659285911791340e-02 4.227439009077134380e-02
6.820000000000000284e+00 3.688661054521198690e-02 3.405921046677651970e-02 3.940308166968641002e-02
6.859999999999999432e+00 3.437062639105639000e-02 3.010598560623947706e-02 3.790367236721161465e-02
6.900000000000000355e+00 3.189612495191090219e-02 2.755019426106654346e-02 3.539303353516080192e-02
6.939999999999999503e+00 2.957499401728427846e-02 2.527029821040342739e-02 3.314391958144861233e-02
6.980000000000000426e+00 2.793859150972087188e-02 2.311222866626428882e-02 3.127837544929974040e-02
7.019999999999999574e+00 2.604449571483543474e-02 2.081492882895488727e-02 2.940439873062291806e-02
7.060000000000000497e+00 2.447465771613162658e-02 1.789109267237928499e-02 2.980484020838623446e-02
7.099999999999999645e+00 2.320054615953590776e-02 1.726455635311308426e-02 2.771204861973418712e-02
7.140000000000000568e+00 2.199471947164649208e-02 1.609850264781209975e-02 2.659589310578643062e-02
7.179999999999999716e+00 2.096974623399374196e-02 1.554158147513103223e-02 2.434614214798547921e-02
7.220000000000000639e+00 2.036493744337548178e-02 1.526312088879049934e-02 2.392080887203971301e-02
7.259999999999999787e+00 1.982866609774324232e-02 1.423629747665978128e-02 2.411259378282137184e-02
7.300000000000000711e+00 1.957233044624290957e-02 1.313985891794392999e-02 2.362441400992260424e-02
7.339999999999999858e+00 1.935074074143923115e-02 1.401004825025809787e-02 2.352646544243009244e-02
7.380000000000000782e+00 1.927251703677201194e-02 1.447995048970774842e-02 2.293350782564534604e-02
7.419999999999999929e+00 1.908947126825420379e-02 1.313985891794392999e-02 2.286374810602361321e-02
7.460000000000000853e+00 1.869727127838748809e-02 1.319207027788277947e-02 2.265446894715840778e-02
7.500000000000000000e+00 1.801583423269518744e-02 1.207822793252064618e-02 2.122439469491284314e-02
7.540000000000000924e+00 1.775457043141907831e-02 1.275697561172569640e-02 2.179991238179215460e-02
7.580000000000000071e+00 1.718448725057384469e-02 1.207822793252064618e-02 2.077095651737156587e-02
7.620000000000000995e+00 1.677676114733785834e-02 1.138207646666931222e-02 2.047447770897919267e-02
7.660000000000000142e+00 1.613022821887186500e-02 1.131246132008417900e-02 1.935876784756313321e-02
7.699999999999999289e+00 1.541229762697687335e-02 1.070332878746426027e-02 1.923668552780372423e-02
7.740000000000000213e+00 1.469930029082045994e-02 1.028563790795346093e-02 1.775384864373153251e-02
7.779999999999999361e+00 1.383836958598524090e-02 9.554678868809559494e-03 1.695161186808158069e-02
7.820000000000000284e+00 1.313260312259751858e-02 8.928142549543358758e-03 1.686480045819238605e-02
7.859999999999999432e+00 1.239167427032627361e-02 8.632278176556542129e-03 1.470219936531145903e-02
7.900000000000000355e+00 1.206243146037377229e-02 8.162375937106891577e-03 1.447547505718684707e-02
7.939999999999999503e+00 1.130081158065352094e-02 7.605454764425824063e-03 1.370810047584200206e-02
7.980000000000000426e+00 1.096800475444088645e-02 7.448820684609273879e-03 1.393450399444154560e-02
