# r_A g_mean g_min g_max
2.000000000000000042e-02 0.000000000000000000e+00 0.000000000000000000e+00 0.000000000000000000e+00
5.999999999999999778e-02 0.000000000000000000e+00 0.000000000000000000e+00 0.000000000000000000e+00
1.000000000000000056e-01 0.000000000000000000e+00 0.000000000000000000e+00 0.000000000000000000e+00
1.400000000000000133e-01 0.000000000000000000e+00 0.000000000000000000e+00 0.000000000000000000e+00
1.799999999999999933e-01 0.000000000000000000e+00 0.000000000000000000e+00 0.000000000000000000e+00
2.200000000000000011e-01 0.000000000000000000e+00 0.000000000000000000e+00 0.000000000000000000e+00
2.600000000000000089e-01 0.000000000000000000e+00 0.000000000000000000e+00 0.000000000000000000e+00
3.000000000000000444e-01 0.000000000000000000e+00 0.000000000000000000e+00 0.000000000000000000e+00
3.399999999999999689e-01 0.000000000000000000e+00 0.000000000000000000e+00 0.000000000000000000e+00
3.800000000000000044e-01 0.000000000000000000e+00 0.000000000000000000e+00 0.000000000000000000e+00
4.200000000000000400e-01 0.000000000000000000e+00 0.000000000000000000e+00 0.000000000000000000e+00
4.599999999999999645e-01 0.000000000000000000e+00 0.000000000000000000e+00 0.000000000000000000e+00
5.000000000000000000e-01 0.000000000000000000e+00 0.000000000000000000e+00 0.000000000000000000e+00
5.400000000000000355e-01 0.000000000000000000e+00 0.000000000000000000e+00 0.000000000000000000e+00
5.800000000000000711e-01 0.000000000000000000e+00 0.000000000000000000e+00 0.000000000000000000e+00
6.199999999999999956e-01 0.000000000000000000e+00 0.000000000000000000e+00 0.000000000000000000e+00
6.600000000000000311e-01 0.000000000000000000e+00 0.000000000000000000e+00 0.000000000000000000e+00
6.999999999999999556e-01 0.000000000000000000e+00 0.000000000000000000e+00 0.000000000000000000e+00
7.399999999999999911e-01 0.000000000000000000e+00 0.000000000000000000e+00 0.000000000000000000e+00
7.800000000000000266e-01 0.000000000000000000e+00 0.000000000000000000e+00 0.000000000000000000e+00
8.200000000000000622e-01 0.000000000000000000e+00 0.000000000000000000e+00 0.000000000000000000e+00
8.599999999999999867e-01 0.000000000000000000e+00 0.000000000000000000e+00 0.000000000000000000e+00
9.000000000000000222e-01 0.000000000000000000e+00 0.000000000000000000e+00 0.000000000000000000e+00
9.399999999999999467e-01 0.000000000000000000e+00 0.000000000000000000e+00 0.000000000000000000e+00
9.799999999999999822e-01 0.000000000000000000e+00 0.000000000000000000e+00 0.000000000000000000e+00
1.020000000000000018e+00 0.000000000000000000e+00 0.000000000000000000e+00 0.000000000000000000e+00
1.060000000000000053e+00 0.000000000000000000e+00 0.000000000000000000e+00 0.000000000000000000e+00
1.100000000000000089e+00 0.000000000000000000e+00 0.000000000000000000e+00 0.000000000000000000e+00
1.140000000000000124e+00 0.000000000000000000e+00 0.000000000000000000e+00 0.000000000000000000e+00
1.179999999999999938e+00 0.000000000000000000e+00 0.000000000000000000e+00 0.000000000000000000e+00
1.219999999999999973e+00 0.000000000000000000e+00 0.000000000000000000e+00 0.000000000000000000e+00
1.260000000000000009e+00 0.000000000000000000e+00 0.000000000000000000e+00 0.000000000000000000e+00
1.300000000000000044e+00 0.000000000000000000e+00 0.000000000000000000e+00 0.000000000000000000e+00
1.340000000000000080e+00 0.000000000000000000e+00 0.000000000000000000e+00 0.000000000000000000e+00
1.380000000000000115e+00 0.000000000000000000e+00 0.000000000000000000e+00 0.000000000000000000e+00
1.419999999999999929e+00 0.000000000000000000e+00 0.000000000000000000e+00 0.000000000000000000e+00
1.459999999999999964e+00 1.925670653318431234e-06 0.000000000000000000e+00 1.925670653318431404e-05
1.500000000000000000e+00 9.637985127502181091e-06 0.000000000000000000e+00 1.931975901305397247e-05
1.540000000000000036e+00 2.946329923949612050e-04 1.351810653812878459e-04 5.211586553643439293e-04
1.580000000000000071e+00 3.400942072478596589e-03 1.989092819181807054e-03 4.709730070699997585e-03
1.620000000000000107e+00 2.625646570651972087e-02 1.896397231491780966e-02 3.228558067126317821e-02
1.660000000000000142e+00 1.260086703033129196e-01 1.077779322704239262e-01 1.367377987810318440e-01
1.699999999999999956e+00 3.951979444966902122e-01 3.786614757137560239e-01 4.027303254374009489e-01
1.739999999999999991e+00 8.055974392399342099e-01 7.876989437865544730e-01 8.242955135335557904e-01
1.780000000000000027e+00 1.014817136971918998e+00 9.882195127204034257e-01 1.059240205166233961e+00
1.820000000000000062e+00 7.459247495693739349e-01 7.349823621192591583e-01 7.639468236311951488e-01
1.860000000000000098e+00 2.926813973320326889e-01 2.751060088944047854e-01 3.165542514288893772e-01
1.899999999999999911e+00 5.256450118818618844e-02 4.321931776047460011e-02 6.243673641428918591e-02
1.939999999999999947e+00 4.040439672301651686e-03 2.800179211469534021e-03 5.672570755224918236e-03
1.979999999999999982e+00 1.584886455749781207e-03 1.270942631190164537e-03 2.412771552612703613e-03
2.020000000000000018e+00 2.971871270313198535e-03 2.259990883426606090e-03 3.863951802610794684e-03
2.060000000000000053e+00 5.885686817276578227e-03 4.634896557535920537e-03 7.798077658044257586e-03
2.100000000000000089e+00 1.069949987734023292e-02 9.282884666980836808e-03 1.250780772874425517e-02
2.140000000000000124e+00 1.869256650865654470e-02 1.618383302114815084e-02 2.156052659414711692e-02
2.180000000000000160e+00 3.189423555123056114e-02 2.800240778424654270e-02 3.617227111676964840e-02
2.220000000000000195e+00 5.192092026022663426e-02 4.679880779316426126e-02 5.636234346903275239e-02
2.260000000000000231e+00 7.986647648191438909e-02 7.607359143195320528e-02 8.550862382459421818e-02
2.299999999999999822e+00 1.172188713106964569e-01 1.115439568226826439e-01 1.226418302148666178e-01
2.339999999999999858e+00 1.598164675867817797e-01 1.569826127534150739e-01 1.619663168517270768e-01
2.379999999999999893e+00 2.028639751652117074e-01 2.000642919254275454e-01 2.068759795117819378e-01
2.419999999999999929e+00 2.377213203866986591e-01 2.330639191711297298e-01 2.444046073170077771e-01
2.459999999999999964e+00 2.595081142051235412e-01 2.534945580102812013e-01 2.675407851744598386e-01
2.500000000000000000e+00 2.604431732758367146e-01 2.534182217140174553e-01 2.667508651588184065e-01
2.540000000000000036e+00 2.506734330228846397e-01 2.417674642893574144e-01 2.564132029433508486e-01
2.580000000000000071e+00 2.256504507059300391e-01 2.206509676880894222e-01 2.286449050576314646e-01
2.620000000000000107e+00 2.003596309328338765e-01 1.981627681968946009e-01 2.042234626735784098e-01
2.660000000000000142e+00 1.759479916347816419e-01 1.729730062170342364e-01 1.790279857192214608e-01
2.700000000000000178e+00 1.563315742437892397e-01 1.537153448582044279e-01 1.585089638757725961e-01
2.740000000000000213e+00 1.430386458003850003e-01 1.413626766985159322e-01 1.456101961687588653e-01
2.780000000000000249e+00 1.329295600791381982e-01 1.306042207390928078e-01 1.360455528583603413e-01
2.820000000000000284e+00 1.295937931025964440e-01 1.256094283849668036e-01 1.325335468295502639e-01
2.859999999999999876e+00 1.351771205501921813e-01 1.311752335643120715e-01 1.391409044120147098e-01
2.899999999999999911e+00 1.577029533218408108e-01 1.538325997939194723e-01 1.612503484042122071e-01
2.939999999999999947e+00 2.071852079602218843e-01 2.050271390430662422e-01 2.094620787683560692e-01
2.979999999999999982e+00 2.749936550136513613e-01 2.703561975461861722e-01 2.798273895450737458e-01
3.020000000000000018e+00 3.108848087039228769e-01 3.056842620196967286e-01 3.157829687306883959e-01
3.060000000000000053e+00 2.711838692272475759e-01 2.619958526777610430e-01 2.764452787047336213e-01
3.100000000000000089e+00 1.774202037981455760e-01 1.750547045951859892e-01 1.809192621011109503e-01
3.140000000000000124e+00 9.470203559041399932e-02 8.790981487227221558e-02 1.006236428921294529e-01
3.180000000000000160e+00 5.434026923420863520e-02 4.962403710981640875e-02 5.975952581511143752e-02
3.220000000000000195e+00 4.233449176230566491e-02 3.815171050665931013e-02 4.715953175086474991e-02
3.260000000000000231e+00 4.010509031755916942e-02 3.640883618130489469e-02 4.397034877481390686e-02
3.300000000000000266e+00 4.031222962960991085e-02 3.656570309800760005e-02 4.343081826134533030e-02
3.339999999999999858e+00 4.080570739795860019e-02 3.780696613461118766e-02 4.362290967123767793e-02
3.379999999999999893e+00 4.438912857478600343e-02 4.122523314839315889e-02 4.831333756951677189e-02
3.419999999999999929e+00 5.106699739629329965e-02 4.790031524957577558e-02 5.437421970967988571e-02
3.459999999999999964e+00 6.022663464177469006e-02 5.881223847364581980e-02 6.302105390058206080e-02
3.500000000000000000e+00 7.366901893007558877e-02 7.224462365591396984e-02 7.643548729497982863e-02
3.540000000000000036e+00 8.919505710255322406e-02 8.632068327032516031e-02 9.114199202156135493e-02
3.580000000000000071e+00 1.032751552609203205e-01 1.003081887957762292e-01 1.059322845443437106e-01
3.620000000000000107e+00 1.149988865940762828e-01 1.098714695072379455e-01 1.190630859460585639e-01
3.660000000000000142e+00 1.184596261213479718e-01 1.120298087309130469e-01 1.232484932243080311e-01
3.700000000000000178e+00 1.137177417367237486e-01 1.100030806267183747e-01 1.174046111475007953e-01
3.740000000000000213e+00 1.017245187391062344e-01 1.001589726920585482e-01 1.040170380329652200e-01
3.780000000000000249e+00 8.790635684447731246e-02 8.572177074092048044e-02 8.961438426739905261e-02
3.820000000000000284e+00 7.381460786442345379e-02 7.141954240930351028e-02 7.573345533117158135e-02
3.859999999999999876e+00 6.397227288074283647e-02 5.912365980625366307e-02 6.672761005905693266e-02
3.899999999999999911e+00 5.852943728208605256e-02 5.529316678349670278e-02 6.207578650561963729e-02
3.939999999999999947e+00 5.495729395927245742e-02 5.077318501664349060e-02 5.707056812456143963e-02
3.979999999999999982e+00 5.320428562784645932e-02 4.883104917655188559e-02 5.566746526188029454e-02
4.019999999999999574e+00 5.418717465702279495e-02 4.952827478424748353e-02 5.803655607521413656e-02
4.060000000000000497e+00 5.615070509129253817e-02 5.277598611910844228e-02 6.047084571085893645e-02
4.099999999999999645e+00 5.820044650048038226e-02 5.310978576052523964e-02 6.161071149262912355e-02
4.140000000000000568e+00 6.186093147720670565e-02 5.768722492271980556e-02 6.589761664495816240e-02
4.179999999999999716e+00 6.885683167997706799e-02 6.379686129401715422e-02 7.192746280559994543e-02
4.220000000000000639e+00 7.870123516486994542e-02 7.473291887398827993e-02 8.276584761192322393e-02
4.259999999999999787e+00 9.074311781220054107e-02 8.673635300638617152e-02 9.636695795711322510e-02
4.300000000000000711e+00 1.073525162452433762e-01 1.029958155907873818e-01 1.114900516569290734e-01
4.339999999999999858e+00 1.300011942195674064e-01 1.218862879841264429e-01 1.362154307743027870e-01
4.380000000000000782e+00 1.574946233675855178e-01 1.520897254685650568e-01 1.606395121666066850e-01
4.419999999999999929e+00 1.914800517418663028e-01 1.861236559757606379e-01 1.981947064178179174e-01
4.460000000000000853e+00 2.303799227253412185e-01 2.280937375315291449e-01 2.333826888776920072e-01
4.500000000000000000e+00 2.710278750800453884e-01 2.666321163960228557e-01 2.766577060931899590e-01
4.540000000000000924e+00 3.120011067720574460e-01 3.078379160013414162e-01 3.158128842868684338e-01
4.580000000000000071e+00 3.445636833763728868e-01 3.395638172285014300e-01 3.481491780991224916e-01
4.620000000000000107e+00 3.690406045363143206e-01 3.660656999623993491e-01 3.745073028349478750e-01
4.660000000000000142e+00 3.820928726132243880e-01 3.774539816907313550e-01 3.898235693980966476e-01
4.699999999999999289e+00 3.791578381696542044e-01 3.754851601037993425e-01 3.860370868334463412e-01
4.740000000000000213e+00 3.675930398076319716e-01 3.592327309254002010e-01 3.727644285095934595e-01
4.779999999999999361e+00 3.414908016320732931e-01 3.343908350196997947e-01 3.480960534430386777e-01
4.820000000000000284e+00 3.133598253356711938e-01 3.056305981125563842e-01 3.207271807954402143e-01
4.859999999999999432e+00 2.778769057275743970e-01 2.719835673857738390e-01 2.851419006140280543e-01
4.900000000000000355e+00 2.461137829511085007e-01 2.423603386478803412e-01 2.506100060138740648e-01
4.939999999999999503e+00 2.201788254613295526e-01 2.182981090100111210e-01 2.229014871165720113e-01
4.980000000000000426e+00 1.998339539597004388e-01 1.954892114164014094e-01 2.027514337615655415e-01
5.019999999999999574e+00 1.860712344049246236e-01 1.844765439759751546e-01 1.882716619132446534e-01
5.060000000000000497e+00 1.796473109583640593e-01 1.754557329073825056e-01 1.823205658061903545e-01
5.099999999999999645e+00 1.773058655038363407e-01 1.746900072939460147e-01 1.795914117007285649e-01
5.140000000000000568e+00 1.770396565403615230e-01 1.750981028303052744e-01 1.796422127528887747e-01
5.179999999999999716e+00 1.795249608085046356e-01 1.757405743165067757e-01 1.823978803608948263e-01
5.220000000000000639e+00 1.814786913812665714e-01 1.785338930396317692e-01 1.869222377240113697e-01
5.259999999999999787e+00 1.837863835971340898e-01 1.814902360647633051e-01 1.867173823942879785e-01
5.300000000000000711e+00 1.863920457135451458e-01 1.834600173031763759e-01 1.905406902153346238e-01
5.339999999999999858e+00 1.864161316647724442e-01 1.818843707221560468e-01 1.891305929986248635e-01
5.380000000000000782e+00 1.873919372102264558e-01 1.848128147188743131e-01 1.918119381145547420e-01
5.419999999999999929e+00 1.886099251487728945e-01 1.865305586454084619e-01 1.910649919751171155e-01
5.460000000000000853e+00 1.898451473321673411e-01 1.857967185761957574e-01 1.931334582074058781e-01
5.500000000000000000e+00 1.910245876275204480e-01 1.844708618265568645e-01 1.959871755093598178e-01
5.540000000000000924e+00 1.923547975820580347e-01 1.887542374382726318e-01 1.958914131837908856e-01
5.580000000000000071e+00 1.935567010740378291e-01 1.893114262761092514e-01 1.990515699275653694e-01
5.620000000000000107e+00 1.971683796884371731e-01 1.927681992337164640e-01 2.016946101132676972e-01
5.660000000000000142e+00 1.992109495795006124e-01 1.935599740452354500e-01 2.032432823050152326e-01
5.699999999999999289e+00 2.028735632378632636e-01 1.961477258682486624e-01 2.055268288286761780e-01
5.740000000000000213e+00 2.082532460671597252e-01 2.051372012006070777e-01 2.116204076931935962e-01
5.779999999999999361e+00 2.137908468837498577e-01 2.095807457736094948e-01 2.166718378322473881e-01
5.820000000000000284e+00 2.197092729663464028e-01 2.150730750216289511e-01 2.233752006220720843e-01
5.859999999999999432e+00 2.256001852166031052e-01 2.233963663329625315e-01 2.279994053529022513e-01
5.900000000000000355e+00 2.282842894494578334e-01 2.239739662383347096e-01 2.350773568065945840e-01
5.939999999999999503e+00 2.348048099816333889e-01 2.306768322827833229e-01 2.457069749447451379e-01
5.980000000000000426e+00 2.390452014215553866e-01 2.350026263749845357e-01 2.424127509451741713e-01
6.019999999999999574e+00 2.426857005729249894e-01 2.376134129569976994e-01 2.461130945525739910e-01
6.060000000000000497e+00 2.465210830430606959e-01 2.432937252513886761e-01 2.517783063858149428e-01
6.099999999999999645e+00 2.463054942910187228e-01 2.380387507998379948e-01 2.552449025714099706e-01
6.140000000000000568e+00 2.461131108593019312e-01 2.372273209212897305e-01 2.551299877807272631e-01
6.179999999999999716e+00 2.395668416044497984e-01 2.318564279156607455e-01 2.464922260144103150e-01
6.220000000000000639e+00 2.324127740422847754e-01 2.273729425042090302e-01 2.398271681548132250e-01
6.259999999999999787e+00 2.198901196992658347e-01 2.130583023959592148e-01 2.291834619371184989e-01
6.300000000000000711e+00 2.049454678510107541e-01 2.006280126065999314e-01 2.109069458329981828e-01
6.339999999999999858e+00 1.876091271783137671e-01 1.811122838253199641e-01 1.938078237168413265e-01
6.380000000000000782e+00 1.718255041643395598e-01 1.691887591150661174e-01 1.741453788147274695e-01
6.419999999999999929e+00 1.587110140737953146e-01 1.576299137875073753e-01 1.605052017351913662e-01
6.460000000000000853e+00 1.473046754044390061e-01 1.430022555926337979e-01 1.513044743988998797e-01
6.500000000000000000e+00 1.396052392862253966e-01 1.363783833889506691e-01 1.431832107018783384e-01
6.540000000000000924e+00 1.356896138730174506e-01 1.319367198121369489e-01 1.383487942924795100e-01
6.580000000000000071e+00 1.368566598155896430e-01 1.326695487539392426e-01 1.398902069177319629e-01
6.620000000000000995e+00 1.414717785994815402e-01 1.351038190582128373e-01 1.452263042727167941e-01
6.660000000000000142e+00 1.490039643129872082e-01 1.446568322119505812e-01 1.536384679665523945e-01
6.699999999999999289e+00 1.535869496479848328e-01 1.480476624683154940e-01 1.623171418393261345e-01
6.740000000000000213e+00 1.527049109151104866e-01 1.440135084323470316e-01 1.627001911416018354e-01
6.779999999999999361e+00 1.443032447202584057e-01 1.371702889926832147e-01 1.566863170958734119e-01
6.820000000000000284e+00 1.287933366528761225e-01 1.219511253552564845e-01 1.353986717340396884e-01
6.859999999999999432e+00 1.110237040019538546e-01 1.054472446932485930e-01 1.167725797987459041e-01
6.900000000000000355e+00 9.490396890396952945e-02 9.064830928924924591e-02 9.897899800196958975e-02
6.939999999999999503e+00 8.233267260491888839e-02 7.996468194556412279e-02 8.363523676751065394e-02
6.980000000000000426e+00 7.433718058500882186e-02 7.117208651195490454e-02 7.622427889014052327e-02
7.019999999999999574e+00 7.050634327749397134e-02 6.937842469441188320e-02 7.180045729823260336e-02
7.060000000000000497e+00 6.824584391321568411e-02 6.693221133388015109e-02 6.971480657520702506e-02
7.099999999999999645e+00 6.568855047206390019e-02 6.379686129401715422e-02 6.766777901371894000e-02
7.140000000000000568e+00 6.434383588321040959e-02 6.267388591930540820e-02 6.545569779927329357e-02
7.179999999999999716e+00 6.291712049476892721e-02 6.042602743399103082e-02 6.529924929991021143e-02
7.220000000000000639e+00 6.204773256654546459e-02 5.872145803886418686e-02 6.535038932146829127e-02
7.259999999999999787e+00 5.916577590982259605e-02 5.750812514261398334e-02 6.064742574647291606e-02
7.300000000000000711e+00 5.725305386851392564e-02 5.439300092314881818e-02 5.939456115518564755e-02
7.339999999999999858e+00 5.432857848835805775e-02 5.174862758647164745e-02 5.733608330243480239e-02
7.380000000000000782e+00 5.270086198989838711e-02 5.029437338879887143e-02 5.464445012357251052e-02
7.419999999999999929e+00 4.982325001154803285e-02 4.745980855195872095e-02 5.239518644340237369e-02
7.460000000000000853e+00 4.695642494029658026e-02 4.261423487817116856e-02 5.014704394950243033e-02
7.500000000000000000e+00 4.401390194225105607e-02 4.108203766906838583e-02 4.802380498320325125e-02
7.540000000000000924e+00 4.090169568479793544e-02 3.560443264652593531e-02 4.482184091028521694e-02
7.580000000000000071e+00 3.854404105203369790e-02 3.414718415294253073e-02 4.227175760177456776e-02
7.620000000000000995e+00 3.568953194679270330e-02 3.010767515886969906e-02 3.918047127847346101e-02
7.660000000000000142e+00 3.259171470358566969e-02 2.623887720588517075e-02 3.736441393124638466e-02
7.699999999999999289e+00 3.089879984601226481e-02 2.574091311292676584e-02 3.509134946119915610e-02
7.740000000000000213e+00 2.882079679472897976e-02 2.355753208995529924e-02 3.489832773699014234e-02
7.779999999999999361e+00 2.781912038200163445e-02 2.079957711357028824e-02 3.336522381554421490e-02
7.820000000000000284e+00 2.622542482732116015e-02 1.997602111367754313e-02 3.070975632165448901e-02
7.859999999999999432e+00 2.617418918313309598e-02 1.970788660208455320e-02 3.154916646831713856e-02
7.900000000000000355e+00 2.531646979800571476e-02 1.907585525332965506e-02 3.064113779470360038e-02
7.939999999999999503e+00 2.467258660688955579e-02 1.750535311399930433e-02 2.966743901092580224e-02
7.980000000000000426e+00 2.426054162780732354e-02 1.631790027694464754e-02 2.883744559682703198e-02
