# r_A g_mean g_min g_max
2.000000000000000042e-02 0.000000000000000000e+00 0.000000000000000000e+00 0.000000000000000000e+00
5.999999999999999778e-02 0.000000000000000000e+00 0.000000000000000000e+00 0.000000000000000000e+00
1.000000000000000056e-01 0.000000000000000000e+00 0.000000000000000000e+00 0.000000000000000000e+00
1.400000000000000133e-01 0.000000000000000000e+00 0.000000000000000000e+00 0.000000000000000000e+00
1.799999999999999933e-01 0.000000000000000000e+00 0.000000000000000000e+00 0.000000000000000000e+00
2.200000000000000011e-01 0.000000000000000000e+00 0.000000000000000000e+00 0.000000000000000000e+00
2.600000000000000089e-01 0.000000000000000000e+00 0.000000000000000000e+00 0.000000000000000000e+00
3.000000000000000444e-01 0.000000000000000000e+00 0.000000000000000000e+00 0.000000000000000000e+00
3.399999999999999689e-01 0.000000000000000000e+00 0.000000000000000000e+00 0.000000000000000000e+00
3.800000000000000044e-01 0.000000000000000000e+00 0.000000000000000000e+00 0.000000000000000000e+00
4.200000000000000400e-01 0.000000000000000000e+00 0.000000000000000000e+00 0.000000000000000000e+00
4.599999999999999645e-01 0.000000000000000000e+00 0.000000000000000000e+00 0.000000000000000000e+00
5.000000000000000000e-01 0.000000000000000000e+00 0.000000000000000000e+00 0.000000000000000000e+00
5.400000000000000355e-01 0.000000000000000000e+00 0.000000000000000000e+00 0.000000000000000000e+00
5.800000000000000711e-01 0.000000000000000000e+00 0.000000000000000000e+00 0.000000000000000000e+00
6.199999999999999956e-01 0.000000000000000000e+00 0.000000000000000000e+00 0.000000000000000000e+00
6.600000000000000311e-01 0.000000000000000000e+00 0.000000000000000000e+00 0.000000000000000000e+00
6.999999999999999556e-01 0.000000000000000000e+00 0.000000000000000000e+00 0.000000000000000000e+00
7.399999999999999911e-01 0.000000000000000000e+00 0.000000000000000000e+00 0.000000000000000000e+00
7.800000000000000266e-01 0.000000000000000000e+00 0.000000000000000000e+00 0.000000000000000000e+00
8.200000000000000622e-01 0.000000000000000000e+00 0.000000000000000000e+00 0.000000000000000000e+00
8.599999999999999867e-01 0.000000000000000000e+00 0.000000000000000000e+00 0.000000000000000000e+00
9.000000000000000222e-01 0.000000000000000000e+00 0.000000000000000000e+00 0.000000000000000000e+00
9.399999999999999467e-01 0.000000000000000000e+00 0.000000000000000000e+00 0.000000000000000000e+00
9.799999999999999822e-01 0.000000000000000000e+00 0.000000000000000000e+00 0.000000000000000000e+00
1.020000000000000018e+00 0.000000000000000000e+00 0.000000000000000000e+00 0.000000000000000000e+00
1.060000000000000053e+00 0.000000000000000000e+00 0.000000000000000000e+00 0.000000000000000000e+00
1.100000000000000089e+00 0.000000000000000000e+00 0.000000000000000000e+00 0.000000000000000000e+00
1.140000000000000124e+00 0.000000000000000000e+00 0.000000000000000000e+00 0.000000000000000000e+00
1.179999999999999938e+00 0.000000000000000000e+00 0.000000000000000000e+00 0.000000000000000000e+00
1.219999999999999973e+00 0.000000000000000000e+00 0.000000000000000000e+00 0.000000000000000000e+00
1.260000000000000009e+00 0.000000000000000000e+00 0.000000000000000000e+00 0.000000000000000000e+00
1.300000000000000044e+00 0.000000000000000000e+00 0.000000000000000000e+00 0.000000000000000000e+00
1.340000000000000080e+00 0.000000000000000000e+00 0.000000000000000000e+00 0.000000000000000000e+00
1.380000000000000115e+00 0.000000000000000000e+00 0.000000000000000000e+00 0.000000000000000000e+00
1.419999999999999929e+00 0.000000000000000000e+00 0.000000000000000000e+00 0.000000000000000000e+00
1.459999999999999964e+00 0.000000000000000000e+00 0.000000000000000000e+00 0.000000000000000000e+00
1.500000000000000000e+00 0.000000000000000000e+00 0.000000000000000000e+00 0.000000000000000000e+00
1.540000000000000036e+00 0.000000000000000000e+00 0.000000000000000000e+00 0.000000000000000000e+00
1.580000000000000071e+00 0.000000000000000000e+00 0.000000000000000000e+00 0.000000000000000000e+00
1.620000000000000107e+00 1.041666666666666801e-05 0.000000000000000000e+00 5.208333333333333668e-05
1.660000000000000142e+00 5.208333333333332990e-05 0.000000000000000000e+00 1.041666666666666734e-04
1.699999999999999956e+00 5.000000000000000104e-04 2.083333333333333467e-04 7.291666666666666999e-04
1.739999999999999991e+00 2.229166666666666623e-03 1.510416666666666635e-03 2.864583333333333131e-03
1.780000000000000027e+00 5.864583333333332760e-03 5.000000000000000104e-03 7.083333333333332975e-03
1.820000000000000062e+00 1.159375000000000162e-02 1.020833333333333315e-02 1.307291666666666671e-02
1.860000000000000098e+00 2.028125000000000067e-02 1.713541666666666685e-02 2.239583333333333356e-02
1.899999999999999911e+00 2.894270833333332724e-02 2.390625000000000042e-02 3.317708333333333620e-02
1.939999999999999947e+00 3.798958333333334048e-02 3.156250000000000028e-02 4.401041666666666990e-02
1.979999999999999982e+00 4.437499999999999778e-02 3.609375000000000083e-02 5.208333333333333565e-02
2.020000000000000018e+00 4.777083333333333182e-02 4.104166666666666380e-02 5.765624999999999917e-02
2.060000000000000053e+00 4.989062500000000094e-02 4.229166666666666491e-02 6.015625000000000139e-02
2.100000000000000089e+00 5.054687500000000500e-02 4.093750000000000167e-02 5.916666666666666602e-02
2.140000000000000124e+00 4.869270833333333437e-02 4.020833333333333204e-02 5.885416666666666574e-02
2.180000000000000160e+00 4.753645833333332293e-02 4.145833333333333315e-02 5.411458333333333398e-02
2.220000000000000195e+00 4.644270833333332543e-02 4.161458333333333676e-02 5.104166666666666574e-02
2.260000000000000231e+00 4.767187500000000938e-02 4.494791666666666380e-02 5.140625000000000056e-02
2.299999999999999822e+00 5.817708333333334453e-02 5.463541666666666546e-02 6.229166666666666879e-02
2.339999999999999858e+00 8.259895833333333326e-02 7.489583333333332815e-02 8.958333333333333426e-02
2.379999999999999893e+00 1.283020833333333444e-01 1.154687499999999950e-01 1.417708333333333459e-01
2.419999999999999929e+00 1.990260416666666810e-01 1.863020833333333404e-01 2.122395833333333426e-01
2.459999999999999964e+00 2.828437499999999494e-01 2.685416666666666785e-01 2.927083333333333481e-01
2.500000000000000000e+00 3.626406249999999387e-01 3.527604166666666874e-01 3.701562500000000200e-01
2.540000000000000036e+00 4.329999999999999405e-01 4.246874999999999956e-01 4.404166666666666785e-01
2.580000000000000071e+00 4.734374999999999001e-01 4.662499999999999978e-01 4.806770833333333104e-01
2.620000000000000107e+00 4.905677083333334076e-01 4.801562500000000067e-01 5.091666666666666563e-01
2.660000000000000142e+00 4.877708333333333757e-01 4.762500000000000067e-01 5.017708333333333881e-01
2.700000000000000178e+00 4.669218749999999862e-01 4.493750000000000244e-01 4.778645833333333148e-01
2.740000000000000213e+00 4.492968750000000400e-01 4.349479166666666563e-01 4.660416666666666874e-01
2.780000000000000249e+00 4.320052083333333348e-01 4.155208333333333393e-01 4.544270833333333148e-01
2.820000000000000284e+00 4.090416666666666923e-01 3.950000000000000178e-01 4.213020833333333548e-01
2.859999999999999876e+00 3.913802083333333681e-01 3.836979166666666941e-01 4.010937500000000266e-01
2.899999999999999911e+00 3.744374999999999787e-01 3.654166666666666674e-01 3.803124999999999978e-01
2.939999999999999947e+00 3.688854166666666878e-01 3.634895833333333104e-01 3.793229166666666763e-01
2.979999999999999982e+00 3.917187500000000044e-01 3.845833333333333326e-01 3.989583333333333592e-01
3.020000000000000018e+00 4.841718750000000293e-01 4.739583333333333148e-01 4.961979166666666829e-01
3.060000000000000053e+00 6.867708333333333304e-01 6.670833333333333615e-01 6.960416666666666696e-01
3.100000000000000089e+00 9.303229166666667771e-01 9.110416666666666385e-01 9.665624999999999911e-01
3.140000000000000124e+00 9.879739583333332353e-01 9.684374999999999512e-01 1.012447916666666670e+00
3.180000000000000160e+00 8.207083333333331510e-01 8.056770833333333215e-01 8.383333333333333748e-01
3.220000000000000195e+00 6.253072916666667647e-01 6.111458333333333881e-01 6.416666666666667185e-01
3.260000000000000231e+00 4.657916666666667149e-01 4.431249999999999911e-01 4.801041666666666652e-01
3.300000000000000266e+00 3.017135416666666958e-01 2.804166666666666474e-01 3.192187499999999956e-01
3.339999999999999858e+00 1.733072916666666685e-01 1.525520833333333381e-01 1.984895833333333304e-01
3.379999999999999893e+00 1.102916666666666767e-01 9.854166666666666630e-02 1.206249999999999961e-01
3.419999999999999929e+00 9.300520833333333903e-02 8.526041666666667185e-02 1.020833333333333315e-01
3.459999999999999964e+00 8.835416666666666419e-02 8.026041666666666741e-02 9.416666666666666241e-02
3.500000000000000000e+00 8.881770833333332837e-02 8.255208333333333148e-02 9.786458333333333814e-02
3.540000000000000036e+00 9.116666666666665975e-02 8.463541666666667129e-02 9.791666666666666574e-02
3.580000000000000071e+00 9.376562499999999134e-02 8.822916666666666408e-02 9.906249999999999778e-02
3.620000000000000107e+00 1.010625000000000134e-01 9.677083333333333370e-02 1.086979166666666718e-01
3.660000000000000142e+00 1.184166666666666562e-01 1.104687500000000044e-01 1.308333333333333293e-01
3.700000000000000178e+00 1.524218749999999845e-01 1.433333333333333404e-01 1.614062500000000011e-01
3.740000000000000213e+00 2.128229166666666394e-01 2.073437499999999933e-01 2.222916666666666652e-01
3.780000000000000249e+00 2.848749999999999893e-01 2.786458333333333148e-01 2.902604166666666874e-01
3.820000000000000284e+00 3.459322916666666137e-01 3.318749999999999756e-01 3.559375000000000178e-01
3.859999999999999876e+00 3.640625000000000666e-01 3.439583333333333104e-01 3.842187499999999978e-01
3.899999999999999911e+00 3.314635416666667500e-01 3.172916666666666941e-01 3.477604166666666829e-01
3.939999999999999947e+00 2.757968749999999969e-01 2.643229166666666852e-01 2.978124999999999800e-01
3.979999999999999982e+00 2.133541666666666503e-01 2.097395833333333404e-01 2.185416666666666619e-01
4.019999999999999574e+00 1.707552083333333526e-01 1.615624999999999978e-01 1.796354166666666585e-01
4.060000000000000497e+00 1.483697916666666672e-01 1.360937500000000133e-01 1.585937500000000056e-01
4.099999999999999645e+00 1.407500000000000140e-01 1.292708333333333348e-01 1.533333333333333215e-01
4.140000000000000568e+00 1.440572916666666425e-01 1.299479166666666630e-01 1.539062499999999944e-01
4.179999999999999716e+00 1.521979166666666550e-01 1.382812499999999944e-01 1.610416666666666663e-01
4.220000000000000639e+00 1.633593750000000289e-01 1.524479166666666552e-01 1.721874999999999933e-01
4.259999999999999787e+00 1.721770833333333139e-01 1.631249999999999922e-01 1.784895833333333404e-01
4.300000000000000711e+00 1.809218750000000098e-01 1.692187500000000011e-01 1.878124999999999933e-01
4.339999999999999858e+00 1.874218749999999878e-01 1.811458333333333393e-01 1.938541666666666607e-01
4.380000000000000782e+00 1.925052083333333441e-01 1.862499999999999989e-01 2.001562500000000078e-01
4.419999999999999929e+00 1.970885416666666723e-01 1.889583333333333393e-01 2.070833333333333415e-01
4.460000000000000853e+00 1.961302083333333335e-01 1.885416666666666630e-01 2.031250000000000000e-01
4.500000000000000000e+00 1.924010416666666612e-01 1.886979166666666596e-01 1.977083333333333470e-01
4.540000000000000924e+00 1.913906249999999809e-01 1.822916666666666574e-01 1.968749999999999944e-01
4.580000000000000071e+00 1.933125000000000260e-01 1.905729166666666752e-01 1.961458333333333248e-01
4.620000000000000107e+00 2.031145833333333484e-01 1.951041666666666619e-01 2.082291666666666596e-01
4.660000000000000142e+00 2.238072916666666301e-01 2.167708333333333293e-01 2.288541666666666641e-01
4.699999999999999289e+00 2.530572916666666838e-01 2.490104166666666785e-01 2.578645833333333415e-01
4.740000000000000213e+00 2.806562499999999405e-01 2.728125000000000133e-01 2.894270833333333348e-01
4.779999999999999361e+00 3.104687499999999600e-01 2.969791666666666829e-01 3.227083333333333193e-01
4.820000000000000284e+00 3.239583333333332926e-01 3.063020833333333082e-01 3.462500000000000022e-01
4.859999999999999432e+00 3.214531250000000062e-01 3.031770833333333193e-01 3.399479166666666829e-01
4.900000000000000355e+00 3.062916666666665733e-01 2.854687499999999933e-01 3.232291666666666785e-01
4.939999999999999503e+00 2.814999999999999725e-01 2.665624999999999800e-01 2.989583333333333259e-01
4.980000000000000426e+00 2.460729166666666412e-01 2.319270833333333393e-01 2.648437499999999889e-01
5.019999999999999574e+00 2.121979166666667083e-01 2.007291666666666530e-01 2.269791666666666763e-01
5.060000000000000497e+00 1.781510416666666485e-01 1.746354166666666541e-01 1.858854166666666641e-01
5.099999999999999645e+00 1.504687500000000122e-01 1.464062499999999878e-01 1.552604166666666785e-01
5.140000000000000568e+00 1.297239583333333335e-01 1.271875000000000089e-01 1.343749999999999944e-01
5.179999999999999716e+00 1.150833333333333430e-01 1.108854166666666669e-01 1.192708333333333398e-01
5.220000000000000639e+00 1.052083333333333204e-01 1.034375000000000017e-01 1.085937500000000028e-01
5.259999999999999787e+00 9.694270833333332171e-02 9.421875000000000389e-02 1.021875000000000006e-01
5.300000000000000711e+00 9.410416666666665542e-02 8.468749999999999889e-02 1.002083333333333298e-01
5.339999999999999858e+00 9.099479166666665786e-02 8.656250000000000056e-02 9.520833333333333925e-02
5.380000000000000782e+00 8.860937499999999023e-02 8.427083333333333648e-02 9.354166666666666186e-02
5.419999999999999929e+00 8.918750000000000289e-02 8.140624999999999944e-02 9.281250000000000611e-02
5.460000000000000853e+00 8.650520833333333326e-02 8.145833333333332704e-02 9.135416666666666685e-02
5.500000000000000000e+00 8.642708333333334880e-02 8.333333333333332871e-02 8.864583333333332649e-02
5.540000000000000924e+00 8.852083333333332638e-02 8.364583333333333592e-02 9.416666666666666241e-02
5.580000000000000071e+00 8.860416666666667829e-02 8.500000000000000611e-02 9.255208333333332649e-02
5.620000000000000107e+00 8.894270833333331461e-02 8.479166666666666796e-02 9.437500000000000056e-02
5.660000000000000142e+00 9.162499999999998423e-02 8.843750000000000222e-02 9.739583333333333426e-02
5.699999999999999289e+00 9.172395833333332749e-02 8.796874999999999833e-02 9.484375000000000444e-02
5.740000000000000213e+00 9.385416666666666907e-02 8.947916666666666519e-02 9.968749999999999833e-02
5.779999999999999361e+00 9.605729166666666929e-02 9.328124999999999611e-02 9.843749999999999722e-02
5.820000000000000284e+00 9.571875000000000522e-02 9.156250000000000500e-02 9.916666666666666685e-02
5.859999999999999432e+00 9.744270833333332216e-02 8.979166666666667240e-02 1.002604166666666713e-01
5.900000000000000355e+00 9.786458333333332427e-02 9.479166666666666297e-02 1.018229166666666657e-01
5.939999999999999503e+00 9.634374999999999190e-02 9.375000000000000000e-02 9.989583333333333648e-02
5.980000000000000426e+00 9.648437499999999722e-02 9.286458333333333370e-02 9.937500000000000500e-02
6.019999999999999574e+00 9.382812500000001221e-02 9.197916666666666741e-02 9.630208333333332982e-02
6.060000000000000497e+00 9.328124999999998224e-02 8.989583333333332760e-02 9.744791666666666186e-02
6.099999999999999645e+00 9.097916666666666652e-02 8.838541666666666075e-02 9.338541666666666519e-02
6.140000000000000568e+00 8.835416666666665031e-02 8.609374999999999667e-02 9.296875000000000278e-02
6.179999999999999716e+00 8.730208333333332182e-02 8.354166666666666685e-02 9.281250000000000611e-02
6.220000000000000639e+00 8.588020833333334658e-02 8.083333333333332649e-02 9.161458333333333259e-02
6.259999999999999787e+00 8.477604166666666274e-02 8.052083333333333315e-02 8.817708333333333648e-02
6.300000000000000711e+00 8.306770833333335102e-02 7.864583333333333148e-02 8.937499999999999611e-02
6.339999999999999858e+00 8.168229166666667040e-02 7.791666666666666186e-02 8.854166666666667129e-02
6.380000000000000782e+00 7.881770833333333337e-02 7.479166666666667296e-02 8.442708333333333315e-02
6.419999999999999929e+00 7.642708333333332604e-02 7.374999999999999611e-02 8.166666666666666519e-02
6.460000000000000853e+00 7.407291666666666885e-02 6.770833333333332871e-02 7.963541666666666685e-02
6.500000000000000000e+00 7.097395833333333681e-02 6.531249999999999556e-02 7.729166666666666130e-02
6.540000000000000924e+00 6.592187499999999090e-02 6.375000000000000111e-02 6.927083333333333703e-02
6.580000000000000071e+00 6.043749999999999817e-02 5.697916666666666408e-02 6.484375000000000555e-02
6.620000000000000995e+00 5.421354166666666335e-02 4.875000000000000167e-02 5.739583333333333343e-02
6.660000000000000142e+00 4.732812499999999867e-02 4.151041666666666768e-02 5.078125000000000000e-02
6.699999999999999289e+00 4.085416666666665669e-02 3.604166666666666630e-02 4.468749999999999806e-02
6.740000000000000213e+00 3.658854166666667546e-02 3.041666666666666824e-02 4.057291666666666685e-02
6.779999999999999361e+00 3.182812499999999878e-02 2.213541666666666782e-02 3.791666666666666796e-02
6.820000000000000284e+00 2.909895833333333084e-02 1.932291666666666533e-02 3.541666666666666574e-02
6.859999999999999432e+00 2.832291666666666985e-02 1.895833333333333398e-02 3.479166666666666519e-02
6.900000000000000355e+00 2.821874999999999731e-02 1.895833333333333398e-02 3.458333333333333398e-02
6.939999999999999503e+00 2.763541666666666924e-02 1.661458333333333190e-02 3.588541666666666963e-02
6.980000000000000426e+00 2.734375000000000000e-02 1.776041666666666741e-02 3.463541666666666852e-02
7.019999999999999574e+00 2.633854166666666635e-02 1.677083333333333204e-02 3.151041666666666574e-02
7.060000000000000497e+00 2.581770833333333487e-02 1.682291666666666657e-02 3.135416666666666907e-02
7.099999999999999645e+00 2.423958333333333173e-02 1.520833333333333412e-02 3.156250000000000028e-02
7.140000000000000568e+00 2.111979166666666866e-02 1.411458333333333315e-02 2.624999999999999903e-02
7.179999999999999716e+00 1.917187499999999795e-02 1.218750000000000042e-02 2.427083333333333176e-02
7.220000000000000639e+00 1.710416666666666335e-02 1.130208333333333412e-02 2.114583333333333245e-02
7.259999999999999787e+00 1.441145833333333168e-02 8.541666666666666158e-03 1.734375000000000153e-02
7.300000000000000711e+00 1.203124999999999854e-02 8.385416666666666019e-03 1.364583333333333273e-02
7.339999999999999858e+00 9.744791666666667226e-03 5.312500000000000382e-03 1.203125000000000028e-02
7.380000000000000782e+00 8.156250000000000305e-03 5.572916666666666990e-03 1.026041666666666595e-02
7.419999999999999929e+00 6.421875000000000500e-03 3.749999999999999861e-03 8.281250000000000416e-03
7.460000000000000853e+00 4.848958333333332725e-03 3.229166666666666644e-03 5.937500000000000069e-03
7.500000000000000000e+00 3.604166666666666543e-03 2.187500000000000208e-03 5.624999999999999792e-03
7.540000000000000924e+00 2.291666666666666678e-03 1.302083333333333261e-03 3.229166666666666644e-03
7.580000000000000071e+00 1.604166666666666935e-03 9.895833333333334172e-04 2.343749999999999913e-03
7.620000000000000995e+00 9.010416666666668526e-04 3.645833333333333500e-04 1.562500000000000087e-03
7.660000000000000142e+00 4.010416666666666253e-04 1.041666666666666734e-04 6.770833333333333565e-04
7.699999999999999289e+00 2.343750000000000455e-04 1.562500000000000033e-04 4.687499999999999827e-04
7.740000000000000213e+00 1.145833333333333312e-04 0.000000000000000000e+00 2.604166666666666631e-04
7.779999999999999361e+00 5.208333333333332990e-05 0.000000000000000000e+00 1.562500000000000033e-04
7.820000000000000284e+00 2.083333333333333603e-05 0.000000000000000000e+00 1.041666666666666734e-04
7.859999999999999432e+00 5.208333333333334006e-06 0.000000000000000000e+00 5.208333333333333668e-05
7.900000000000000355e+00 0.000000000000000000e+00 0.000000000000000000e+00 0.000000000000000000e+00
7.939999999999999503e+00 5.208333333333334006e-06 0.000000000000000000e+00 5.208333333333333668e-05
7.980000000000000426e+00 0.000000000000000000e+00 0.000000000000000000e+00 0.000000000000000000e+00
