# r_A g_mean g_min g_max
2.000000000000000042e-02 0.000000000000000000e+00 0.000000000000000000e+00 0.000000000000000000e+00
5.999999999999999778e-02 0.000000000000000000e+00 0.000000000000000000e+00 0.000000000000000000e+00
1.000000000000000056e-01 0.000000000000000000e+00 0.000000000000000000e+00 0.000000000000000000e+00
1.400000000000000133e-01 0.000000000000000000e+00 0.000000000000000000e+00 0.000000000000000000e+00
1.799999999999999933e-01 0.000000000000000000e+00 0.000000000000000000e+00 0.000000000000000000e+00
2.200000000000000011e-01 0.000000000000000000e+00 0.000000000000000000e+00 0.000000000000000000e+00
2.600000000000000089e-01 0.000000000000000000e+00 0.000000000000000000e+00 0.000000000000000000e+00
3.000000000000000444e-01 0.000000000000000000e+00 0.000000000000000000e+00 0.000000000000000000e+00
3.399999999999999689e-01 0.000000000000000000e+00 0.000000000000000000e+00 0.000000000000000000e+00
3.800000000000000044e-01 0.000000000000000000e+00 0.000000000000000000e+00 0.000000000000000000e+00
4.200000000000000400e-01 0.000000000000000000e+00 0.000000000000000000e+00 0.000000000000000000e+00
4.599999999999999645e-01 0.000000000000000000e+00 0.000000000000000000e+00 0.000000000000000000e+00
5.000000000000000000e-01 0.000000000000000000e+00 0.000000000000000000e+00 0.000000000000000000e+00
5.400000000000000355e-01 0.000000000000000000e+00 0.000000000000000000e+00 0.000000000000000000e+00
5.800000000000000711e-01 0.000000000000000000e+00 0.000000000000000000e+00 0.000000000000000000e+00
6.199999999999999956e-01 0.000000000000000000e+00 0.000000000000000000e+00 0.000000000000000000e+00
6.600000000000000311e-01 0.000000000000000000e+00 0.000000000000000000e+00 0.000000000000000000e+00
6.999999999999999556e-01 0.000000000000000000e+00 0.000000000000000000e+00 0.000000000000000000e+00
7.399999999999999911e-01 0.000000000000000000e+00 0.000000000000000000e+00 0.000000000000000000e+00
7.800000000000000266e-01 0.000000000000000000e+00 0.000000000000000000e+00 0.000000000000000000e+00
8.200000000000000622e-01 0.000000000000000000e+00 0.000000000000000000e+00 0.000000000000000000e+00
8.599999999999999867e-01 0.000000000000000000e+00 0.000000000000000000e+00 0.000000000000000000e+00
9.000000000000000222e-01 0.000000000000000000e+00 0.000000000000000000e+00 0.000000000000000000e+00
9.399999999999999467e-01 0.000000000000000000e+00 0.000000000000000000e+00 0.000000000000000000e+00
9.799999999999999822e-01 0.000000000000000000e+00 0.000000000000000000e+00 0.000000000000000000e+00
1.020000000000000018e+00 0.000000000000000000e+00 0.000000000000000000e+00 0.000000000000000000e+00
1.060000000000000053e+00 0.000000000000000000e+00 0.000000000000000000e+00 0.000000000000000000e+00
1.100000000000000089e+00 0.000000000000000000e+00 0.000000000000000000e+00 0.000000000000000000e+00
1.140000000000000124e+00 0.000000000000000000e+00 0.000000000000000000e+00 0.000000000000000000e+00
1.179999999999999938e+00 0.000000000000000000e+00 0.000000000000000000e+00 0.000000000000000000e+00
1.219999999999999973e+00 0.000000000000000000e+00 0.000000000000000000e+00 0.000000000000000000e+00
1.260000000000000009e+00 0.000000000000000000e+00 0.000000000000000000e+00 0.000000000000000000e+00
1.300000000000000044e+00 0.000000000000000000e+00 0.000000000000000000e+00 0.000000000000000000e+00
1.340000000000000080e+00 0.000000000000000000e+00 0.000000000000000000e+00 0.000000000000000000e+00
1.380000000000000115e+00 0.000000000000000000e+00 0.000000000000000000e+00 0.000000000000000000e+00
1.419999999999999929e+00 0.000000000000000000e+00 0.000000000000000000e+00 0.000000000000000000e+00
1.459999999999999964e+00 0.000000000000000000e+00 0.000000000000000000e+00 0.000000000000000000e+00
1.500000000000000000e+00 0.000000000000000000e+00 0.000000000000000000e+00 0.000000000000000000e+00
1.540000000000000036e+00 0.000000000000000000e+00 0.000000000000000000e+00 0.000000000000000000e+00
1.580000000000000071e+00 0.000000000000000000e+00 0.000000000000000000e+00 0.000000000000000000e+00
1.620000000000000107e+00 0.000000000000000000e+00 0.000000000000000000e+00 0.000000000000000000e+00
1.660000000000000142e+00 0.000000000000000000e+00 0.000000000000000000e+00 0.000000000000000000e+00
1.699999999999999956e+00 0.000000000000000000e+00 0.000000000000000000e+00 0.000000000000000000e+00
1.739999999999999991e+00 0.000000000000000000e+00 0.000000000000000000e+00 0.000000000000000000e+00
1.780000000000000027e+00 0.000000000000000000e+00 0.000000000000000000e+00 0.000000000000000000e+00
1.820000000000000062e+00 0.000000000000000000e+00 0.000000000000000000e+00 0.000000000000000000e+00
1.860000000000000098e+00 0.000000000000000000e+00 0.000000000000000000e+00 0.000000000000000000e+00
1.899999999999999911e+00 0.000000000000000000e+00 0.000000000000000000e+00 0.000000000000000000e+00
1.939999999999999947e+00 0.000000000000000000e+00 0.000000000000000000e+00 0.000000000000000000e+00
1.979999999999999982e+00 0.000000000000000000e+00 0.000000000000000000e+00 0.000000000000000000e+00
2.020000000000000018e+00 0.000000000000000000e+00 0.000000000000000000e+00 0.000000000000000000e+00
2.060000000000000053e+00 2.187500000000000317e-04 0.000000000000000000e+00 3.125000000000000065e-04
2.100000000000000089e+00 9.437500000000001443e-03 5.624999999999999792e-03 1.687500000000000111e-02
2.140000000000000124e+00 1.652187499999999976e-01 1.346874999999999878e-01 2.056250000000000022e-01
2.180000000000000160e+00 1.142687499999999856e+00 1.067499999999999893e+00 1.220937500000000009e+00
2.220000000000000195e+00 3.372562499999999908e+00 3.280625000000000124e+00 3.449687500000000018e+00
2.260000000000000231e+00 4.414218750000000746e+00 4.276250000000000107e+00 4.580625000000000391e+00
2.299999999999999822e+00 2.625093750000000448e+00 2.594374999999999876e+00 2.649375000000000036e+00
2.339999999999999858e+00 6.910937500000000622e-01 6.318749999999999645e-01 7.662499999999999867e-01
2.379999999999999893e+00 7.718749999999999223e-02 5.843750000000000333e-02 1.024999999999999939e-01
2.419999999999999929e+00 2.250000000000000264e-03 6.250000000000000130e-04 4.375000000000000416e-03
2.459999999999999964e+00 2.812500000000000330e-04 0.000000000000000000e+00 6.250000000000000130e-04
2.500000000000000000e+00 3.437499999999999801e-04 0.000000000000000000e+00 9.374999999999999653e-04
2.540000000000000036e+00 3.749999999999999861e-03 2.500000000000000052e-03 6.250000000000000347e-03
2.580000000000000071e+00 1.625000000000000056e-02 1.031250000000000049e-02 2.687499999999999958e-02
2.620000000000000107e+00 4.962500000000000244e-02 3.125000000000000000e-02 6.500000000000000222e-02
2.660000000000000142e+00 1.076874999999999777e-01 7.437499999999999667e-02 1.315624999999999989e-01
2.700000000000000178e+00 2.008125000000000049e-01 1.534375000000000044e-01 2.281249999999999944e-01
2.740000000000000213e+00 3.255624999999999769e-01 2.678125000000000089e-01 3.678124999999999867e-01
2.780000000000000249e+00 4.435000000000000608e-01 3.940624999999999822e-01 4.843750000000000000e-01
2.820000000000000284e+00 5.289375000000000604e-01 4.809375000000000178e-01 5.524999999999999911e-01
2.859999999999999876e+00 5.818750000000000311e-01 5.493749999999999467e-01 6.090624999999999512e-01
2.899999999999999911e+00 5.752499999999999281e-01 5.496874999999999956e-01 6.078124999999999778e-01
2.939999999999999947e+00 5.439374999999999627e-01 5.159375000000000488e-01 5.771874999999999645e-01
2.979999999999999982e+00 5.001249999999999307e-01 4.625000000000000222e-01 5.409374999999999600e-01
3.020000000000000018e+00 4.636562499999999920e-01 4.240625000000000089e-01 5.224999999999999645e-01
3.060000000000000053e+00 4.140625000000000000e-01 3.678124999999999867e-01 4.531250000000000000e-01
3.100000000000000089e+00 3.899687500000000306e-01 3.581250000000000266e-01 4.262500000000000178e-01
3.140000000000000124e+00 3.678750000000000631e-01 3.440624999999999933e-01 3.950000000000000178e-01
3.180000000000000160e+00 3.563749999999999973e-01 3.112500000000000266e-01 4.040624999999999911e-01
3.220000000000000195e+00 3.621874999999999956e-01 3.340624999999999845e-01 4.003125000000000155e-01
3.260000000000000231e+00 3.737499999999999711e-01 3.321875000000000244e-01 4.265625000000000111e-01
3.300000000000000266e+00 3.894999999999999574e-01 3.521874999999999867e-01 4.271874999999999978e-01
3.339999999999999858e+00 4.163437499999999569e-01 3.787499999999999756e-01 4.959374999999999756e-01
3.379999999999999893e+00 4.329687500000001243e-01 3.831249999999999933e-01 5.050000000000000044e-01
3.419999999999999929e+00 4.497187500000000004e-01 3.981250000000000067e-01 5.659374999999999822e-01
3.459999999999999964e+00 4.488125000000000031e-01 3.800000000000000044e-01 5.162499999999999867e-01
3.500000000000000000e+00 4.359687499999999605e-01 3.828125000000000000e-01 5.068749999999999645e-01
3.540000000000000036e+00 3.988749999999999796e-01 3.515625000000000000e-01 4.440625000000000266e-01
3.580000000000000071e+00 3.320937500000000209e-01 2.943749999999999978e-01 3.578124999999999778e-01
3.620000000000000107e+00 2.600937500000000124e-01 2.474999999999999978e-01 2.831250000000000155e-01
3.660000000000000142e+00 1.786875000000000269e-01 1.618749999999999911e-01 1.990625000000000033e-01
3.700000000000000178e+00 1.109687499999999910e-01 9.718749999999999611e-02 1.337500000000000078e-01
3.740000000000000213e+00 6.815625000000000155e-02 5.406249999999999944e-02 8.375000000000000500e-02
3.780000000000000249e+00 4.262500000000000316e-02 3.312500000000000167e-02 5.937499999999999722e-02
3.820000000000000284e+00 3.565625000000000044e-02 2.624999999999999903e-02 4.312499999999999667e-02
3.859999999999999876e+00 3.324999999999999484e-02 2.718749999999999986e-02 4.531249999999999861e-02
3.899999999999999911e+00 3.287500000000000144e-02 2.281249999999999944e-02 4.562499999999999889e-02
3.939999999999999947e+00 3.628125000000000100e-02 2.843750000000000097e-02 4.499999999999999833e-02
3.979999999999999982e+00 3.543749999999999678e-02 2.406250000000000056e-02 4.374999999999999722e-02
4.019999999999999574e+00 3.581250000000000405e-02 2.375000000000000028e-02 4.531249999999999861e-02
4.060000000000000497e+00 3.734374999999999500e-02 3.031249999999999917e-02 4.312499999999999667e-02
4.099999999999999645e+00 3.615625000000000089e-02 2.781250000000000042e-02 4.562499999999999889e-02
4.140000000000000568e+00 3.874999999999999278e-02 2.718749999999999986e-02 5.406249999999999944e-02
4.179999999999999716e+00 4.215624999999999928e-02 2.656249999999999931e-02 4.968750000000000250e-02
4.220000000000000639e+00 4.162499999999999534e-02 2.875000000000000125e-02 5.093749999999999667e-02
4.259999999999999787e+00 4.065625000000000488e-02 2.906250000000000153e-02 5.500000000000000028e-02
4.300000000000000711e+00 4.121874999999999151e-02 2.968749999999999861e-02 4.750000000000000056e-02
4.339999999999999858e+00 4.115624999999999839e-02 3.031249999999999917e-02 5.187499999999999750e-02
4.380000000000000782e+00 3.978125000000000411e-02 3.156250000000000028e-02 4.843750000000000139e-02
4.419999999999999929e+00 4.206250000000000266e-02 3.343750000000000194e-02 5.187499999999999750e-02
4.460000000000000853e+00 4.112500000000000183e-02 3.281250000000000139e-02 4.906250000000000194e-02
4.500000000000000000e+00 4.006250000000000089e-02 3.187500000000000056e-02 4.843750000000000139e-02
4.540000000000000924e+00 4.231249999999999595e-02 3.375000000000000222e-02 5.531250000000000056e-02
4.580000000000000071e+00 3.953125000000000389e-02 2.906250000000000153e-02 4.812500000000000111e-02
4.620000000000000107e+00 3.953125000000000389e-02 2.968749999999999861e-02 4.843750000000000139e-02
4.660000000000000142e+00 4.212500000000000272e-02 3.093749999999999972e-02 5.343749999999999889e-02
4.699999999999999289e+00 4.259375000000000661e-02 3.156250000000000028e-02 5.625000000000000139e-02
4.740000000000000213e+00 4.181249999999999550e-02 2.718749999999999986e-02 5.593750000000000111e-02
4.779999999999999361e+00 4.368750000000000411e-02 3.406250000000000250e-02 5.874999999999999667e-02
4.820000000000000284e+00 4.499999999999999833e-02 3.250000000000000111e-02 5.781250000000000278e-02
4.859999999999999432e+00 4.778124999999999734e-02 3.375000000000000222e-02 6.062499999999999833e-02
4.900000000000000355e+00 5.199999999999999067e-02 3.624999999999999750e-02 6.375000000000000111e-02
4.939999999999999503e+00 5.681250000000000189e-02 3.281250000000000139e-02 7.499999999999999722e-02
4.980000000000000426e+00 6.265624999999999667e-02 3.968750000000000056e-02 7.624999999999999833e-02
5.019999999999999574e+00 6.850000000000000533e-02 4.125000000000000194e-02 9.031250000000000389e-02
5.060000000000000497e+00 6.940625000000000266e-02 4.000000000000000083e-02 9.031250000000000389e-02
5.099999999999999645e+00 7.493750000000000411e-02 5.374999999999999917e-02 9.406249999999999334e-02
5.140000000000000568e+00 7.649999999999999856e-02 4.875000000000000167e-02 9.687500000000000278e-02
5.179999999999999716e+00 7.587499999999999800e-02 5.249999999999999806e-02 9.718749999999999611e-02
5.220000000000000639e+00 7.237499999999999489e-02 4.468749999999999806e-02 9.124999999999999778e-02
5.259999999999999787e+00 6.165625000000000272e-02 4.000000000000000083e-02 7.343750000000000278e-02
5.300000000000000711e+00 5.543749999999999373e-02 3.062499999999999944e-02 7.000000000000000666e-02
5.339999999999999858e+00 4.562499999999999195e-02 3.187500000000000056e-02 5.500000000000000028e-02
5.380000000000000782e+00 3.296875000000000500e-02 2.062500000000000097e-02 4.593749999999999917e-02
5.419999999999999929e+00 2.071875000000000105e-02 1.250000000000000069e-02 2.718749999999999986e-02
5.460000000000000853e+00 1.381250000000000012e-02 8.437500000000000555e-03 2.062500000000000097e-02
5.500000000000000000e+00 8.000000000000000167e-03 3.437500000000000017e-03 1.343749999999999979e-02
5.540000000000000924e+00 3.968750000000000056e-03 2.500000000000000052e-03 7.187500000000000312e-03
5.580000000000000071e+00 1.468750000000000003e-03 3.125000000000000065e-04 2.812499999999999896e-03
5.620000000000000107e+00 5.937499999999998768e-04 0.000000000000000000e+00 1.874999999999999931e-03
5.660000000000000142e+00 1.875000000000000039e-04 0.000000000000000000e+00 3.125000000000000065e-04
5.699999999999999289e+00 9.375000000000000195e-05 0.000000000000000000e+00 3.125000000000000065e-04
5.740000000000000213e+00 0.000000000000000000e+00 0.000000000000000000e+00 0.000000000000000000e+00
5.779999999999999361e+00 3.125000000000000065e-05 0.000000000000000000e+00 3.125000000000000065e-04
5.820000000000000284e+00 0.000000000000000000e+00 0.000000000000000000e+00 0.000000000000000000e+00
5.859999999999999432e+00 0.000000000000000000e+00 0.000000000000000000e+00 0.000000000000000000e+00
5.900000000000000355e+00 0.000000000000000000e+00 0.000000000000000000e+00 0.000000000000000000e+00
5.939999999999999503e+00 0.000000000000000000e+00 0.000000000000000000e+00 0.000000000000000000e+00
5.980000000000000426e+00 0.000000000000000000e+00 0.000000000000000000e+00 0.000000000000000000e+00
6.019999999999999574e+00 0.000000000000000000e+00 0.000000000000000000e+00 0.000000000000000000e+00
6.060000000000000497e+00 0.000000000000000000e+00 0.000000000000000000e+00 0.000000000000000000e+00
6.099999999999999645e+00 0.000000000000000000e+00 0.000000000000000000e+00 0.000000000000000000e+00
6.140000000000000568e+00 0.000000000000000000e+00 0.000000000000000000e+00 0.000000000000000000e+00
6.179999999999999716e+00 0.000000000000000000e+00 0.000000000000000000e+00 0.000000000000000000e+00
6.220000000000000639e+00 0.000000000000000000e+00 0.000000000000000000e+00 0.000000000000000000e+00
6.259999999999999787e+00 0.000000000000000000e+00 0.000000000000000000e+00 0.000000000000000000e+00
6.300000000000000711e+00 0.000000000000000000e+00 0.000000000000000000e+00 0.000000000000000000e+00
6.339999999999999858e+00 0.000000000000000000e+00 0.000000000000000000e+00 0.000000000000000000e+00
6.380000000000000782e+00 0.000000000000000000e+00 0.000000000000000000e+00 0.000000000000000000e+00
6.419999999999999929e+00 0.000000000000000000e+00 0.000000000000000000e+00 0.000000000000000000e+00
6.460000000000000853e+00 0.000000000000000000e+00 0.000000000000000000e+00 0.000000000000000000e+00
6.500000000000000000e+00 0.000000000000000000e+00 0.000000000000000000e+00 0.000000000000000000e+00
6.540000000000000924e+00 0.000000000000000000e+00 0.000000000000000000e+00 0.000000000000000000e+00
6.580000000000000071e+00 0.000000000000000000e+00 0.000000000000000000e+00 0.000000000000000000e+00
6.620000000000000995e+00 0.000000000000000000e+00 0.000000000000000000e+00 0.000000000000000000e+00
6.660000000000000142e+00 0.000000000000000000e+00 0.000000000000000000e+00 0.000000000000000000e+00
6.699999999999999289e+00 0.000000000000000000e+00 0.000000000000000000e+00 0.000000000000000000e+00
6.740000000000000213e+00 0.000000000000000000e+00 0.000000000000000000e+00 0.000000000000000000e+00
6.779999999999999361e+00 0.000000000000000000e+00 0.000000000000000000e+00 0.000000000000000000e+00
6.820000000000000284e+00 0.000000000000000000e+00 0.000000000000000000e+00 0.000000000000000000e+00
6.859999999999999432e+00 0.000000000000000000e+00 0.000000000000000000e+00 0.000000000000000000e+00
6.900000000000000355e+00 0.000000000000000000e+00 0.000000000000000000e+00 0.000000000000000000e+00
6.939999999999999503e+00 0.000000000000000000e+00 0.000000000000000000e+00 0.000000000000000000e+00
6.980000000000000426e+00 0.000000000000000000e+00 0.000000000000000000e+00 0.000000000000000000e+00
7.019999999999999574e+00 0.000000000000000000e+00 0.000000000000000000e+00 0.000000000000000000e+00
7.060000000000000497e+00 0.000000000000000000e+00 0.000000000000000000e+00 0.000000000000000000e+00
7.099999999999999645e+00 0.000000000000000000e+00 0.000000000000000000e+00 0.000000000000000000e+00
7.140000000000000568e+00 0.000000000000000000e+00 0.000000000000000000e+00 0.000000000000000000e+00
7.179999999999999716e+00 0.000000000000000000e+00 0.000000000000000000e+00 0.000000000000000000e+00
7.220000000000000639e+00 0.000000000000000000e+00 0.000000000000000000e+00 0.000000000000000000e+00
7.259999999999999787e+00 0.000000000000000000e+00 0.000000000000000000e+00 0.000000000000000000e+00
7.300000000000000711e+00 0.000000000000000000e+00 0.000000000000000000e+00 0.000000000000000000e+00
7.339999999999999858e+00 0.000000000000000000e+00 0.000000000000000000e+00 0.000000000000000000e+00
7.380000000000000782e+00 0.000000000000000000e+00 0.000000000000000000e+00 0.000000000000000000e+00
7.419999999999999929e+00 0.000000000000000000e+00 0.000000000000000000e+00 0.000000000000000000e+00
7.460000000000000853e+00 0.000000000000000000e+00 0.000000000000000000e+00 0.000000000000000000e+00
7.500000000000000000e+00 0.000000000000000000e+00 0.000000000000000000e+00 0.000000000000000000e+00
7.540000000000000924e+00 0.000000000000000000e+00 0.000000000000000000e+00 0.000000000000000000e+00
7.580000000000000071e+00 0.000000000000000000e+00 0.000000000000000000e+00 0.000000000000000000e+00
7.620000000000000995e+00 0.000000000000000000e+00 0.000000000000000000e+00 0.000000000000000000e+00
7.660000000000000142e+00 0.000000000000000000e+00 0.000000000000000000e+00 0.000000000000000000e+00
7.699999999999999289e+00 0.000000000000000000e+00 0.000000000000000000e+00 0.000000000000000000e+00
7.740000000000000213e+00 0.000000000000000000e+00 0.000000000000000000e+00 0.000000000000000000e+00
7.779999999999999361e+00 0.000000000000000000e+00 0.000000000000000000e+00 0.000000000000000000e+00
7.820000000000000284e+00 0.000000000000000000e+00 0.000000000000000000e+00 0.000000000000000000e+00
7.859999999999999432e+00 0.000000000000000000e+00 0.000000000000000000e+00 0.000000000000000000e+00
7.900000000000000355e+00 0.000000000000000000e+00 0.000000000000000000e+00 0.000000000000000000e+00
7.939999999999999503e+00 0.000000000000000000e+00 0.000000000000000000e+00 0.000000000000000000e+00
7.980000000000000426e+00 0.000000000000000000e+00 0.000000000000000000e+00 0.000000000000000000e+00
