# r_A g_mean g_min g_max
2.000000000000000042e-02 0.000000000000000000e+00 0.000000000000000000e+00 0.000000000000000000e+00
5.999999999999999778e-02 0.000000000000000000e+00 0.000000000000000000e+00 0.000000000000000000e+00
1.000000000000000056e-01 0.000000000000000000e+00 0.000000000000000000e+00 0.000000000000000000e+00
1.400000000000000133e-01 0.000000000000000000e+00 0.000000000000000000e+00 0.000000000000000000e+00
1.799999999999999933e-01 0.000000000000000000e+00 0.000000000000000000e+00 0.000000000000000000e+00
2.200000000000000011e-01 0.000000000000000000e+00 0.000000000000000000e+00 0.000000000000000000e+00
2.600000000000000089e-01 0.000000000000000000e+00 0.000000000000000000e+00 0.000000000000000000e+00
3.000000000000000444e-01 0.000000000000000000e+00 0.000000000000000000e+00 0.000000000000000000e+00
3.399999999999999689e-01 0.000000000000000000e+00 0.000000000000000000e+00 0.000000000000000000e+00
3.800000000000000044e-01 0.000000000000000000e+00 0.000000000000000000e+00 0.000000000000000000e+00
4.200000000000000400e-01 0.000000000000000000e+00 0.000000000000000000e+00 0.000000000000000000e+00
4.599999999999999645e-01 0.000000000000000000e+00 0.000000000000000000e+00 0.000000000000000000e+00
5.000000000000000000e-01 0.000000000000000000e+00 0.000000000000000000e+00 0.000000000000000000e+00
5.400000000000000355e-01 0.000000000000000000e+00 0.000000000000000000e+00 0.000000000000000000e+00
5.800000000000000711e-01 0.000000000000000000e+00 0.000000000000000000e+00 0.000000000000000000e+00
6.199999999999999956e-01 0.000000000000000000e+00 0.000000000000000000e+00 0.000000000000000000e+00
6.600000000000000311e-01 0.000000000000000000e+00 0.000000000000000000e+00 0.000000000000000000e+00
6.999999999999999556e-01 0.000000000000000000e+00 0.000000000000000000e+00 0.000000000000000000e+00
7.399999999999999911e-01 0.000000000000000000e+00 0.000000000000000000e+00 0.000000000000000000e+00
7.800000000000000266e-01 0.000000000000000000e+00 0.000000000000000000e+00 0.000000000000000000e+00
8.200000000000000622e-01 0.000000000000000000e+00 0.000000000000000000e+00 0.000000000000000000e+00
8.599999999999999867e-01 0.000000000000000000e+00 0.000000000000000000e+00 0.000000000000000000e+00
9.000000000000000222e-01 0.000000000000000000e+00 0.000000000000000000e+00 0.000000000000000000e+00
9.399999999999999467e-01 0.000000000000000000e+00 0.000000000000000000e+00 0.000000000000000000e+00
9.799999999999999822e-01 0.000000000000000000e+00 0.000000000000000000e+00 0.000000000000000000e+00
1.020000000000000018e+00 0.000000000000000000e+00 0.000000000000000000e+00 0.000000000000000000e+00
1.060000000000000053e+00 0.000000000000000000e+00 0.000000000000000000e+00 0.000000000000000000e+00
1.100000000000000089e+00 0.000000000000000000e+00 0.000000000000000000e+00 0.000000000000000000e+00
1.140000000000000124e+00 0.000000000000000000e+00 0.000000000000000000e+00 0.000000000000000000e+00
1.179999999999999938e+00 0.000000000000000000e+00 0.000000000000000000e+00 0.000000000000000000e+00
1.219999999999999973e+00 0.000000000000000000e+00 0.000000000000000000e+00 0.000000000000000000e+00
1.260000000000000009e+00 0.000000000000000000e+00 0.000000000000000000e+00 0.000000000000000000e+00
1.300000000000000044e+00 0.000000000000000000e+00 0.000000000000000000e+00 0.000000000000000000e+00
1.340000000000000080e+00 8.333333333333333733e-06 0.000000000000000000e+00 8.333333333333333055e-05
1.380000000000000115e+00 1.391666666666666486e-03 7.500000000000000156e-04 2.500000000000000052e-03
1.419999999999999929e+00 3.010833333333333764e-02 2.383333333333333484e-02 3.758333333333333665e-02
1.459999999999999964e+00 2.762166666666666659e-01 2.620000000000000107e-01 3.041666666666666408e-01
1.500000000000000000e+00 1.036874999999999769e+00 1.015916666666666579e+00 1.056999999999999940e+00
1.540000000000000036e+00 1.771099999999999897e+00 1.717999999999999972e+00 1.802666666666666639e+00
1.580000000000000071e+00 1.368408333333333449e+00 1.341749999999999998e+00 1.397833333333333261e+00
1.620000000000000107e+00 4.547333333333333227e-01 4.348333333333333495e-01 4.819166666666666599e-01
1.660000000000000142e+00 5.845833333333333437e-02 4.983333333333333365e-02 7.025000000000000688e-02
1.699999999999999956e+00 2.666666666666667011e-03 1.916666666666666562e-03 4.749999999999999882e-03
1.739999999999999991e+00 3.333333333333333493e-05 0.000000000000000000e+00 8.333333333333333055e-05
1.780000000000000027e+00 0.000000000000000000e+00 0.000000000000000000e+00 0.000000000000000000e+00
1.820000000000000062e+00 0.000000000000000000e+00 0.000000000000000000e+00 0.000000000000000000e+00
1.860000000000000098e+00 0.000000000000000000e+00 0.000000000000000000e+00 0.000000000000000000e+00
1.899999999999999911e+00 0.000000000000000000e+00 0.000000000000000000e+00 0.000000000000000000e+00
1.939999999999999947e+00 0.000000000000000000e+00 0.000000000000000000e+00 0.000000000000000000e+00
1.979999999999999982e+00 0.000000000000000000e+00 0.000000000000000000e+00 0.000000000000000000e+00
2.020000000000000018e+00 0.000000000000000000e+00 0.000000000000000000e+00 0.000000000000000000e+00
2.060000000000000053e+00 0.000000000000000000e+00 0.000000000000000000e+00 0.000000000000000000e+00
2.100000000000000089e+00 0.000000000000000000e+00 0.000000000000000000e+00 0.000000000000000000e+00
2.140000000000000124e+00 0.000000000000000000e+00 0.000000000000000000e+00 0.000000000000000000e+00
2.180000000000000160e+00 0.000000000000000000e+00 0.000000000000000000e+00 0.000000000000000000e+00
2.220000000000000195e+00 0.000000000000000000e+00 0.000000000000000000e+00 0.000000000000000000e+00
2.260000000000000231e+00 0.000000000000000000e+00 0.000000000000000000e+00 0.000000000000000000e+00
2.299999999999999822e+00 4.166666666666666528e-05 0.000000000000000000e+00 1.666666666666666611e-04
2.339999999999999858e+00 1.683333333333333123e-03 9.166666666666666496e-04 3.083333333333333325e-03
2.379999999999999893e+00 2.224166666666666653e-02 1.641666666666666621e-02 2.999999999999999889e-02
2.419999999999999929e+00 1.516250000000000375e-01 1.330000000000000071e-01 1.715833333333333377e-01
2.459999999999999964e+00 5.475166666666667625e-01 5.173333333333333117e-01 5.663333333333333552e-01
2.500000000000000000e+00 1.102283333333333060e+00 1.083666666666666556e+00 1.127666666666666595e+00
2.540000000000000036e+00 1.312933333333333286e+00 1.271583333333333288e+00 1.341416666666666702e+00
2.580000000000000071e+00 9.960833333333333206e-01 9.758333333333333304e-01 1.024166666666666670e+00
2.620000000000000107e+00 5.360500000000000265e-01 5.251666666666666705e-01 5.606666666666666465e-01
2.660000000000000142e+00 2.305583333333332818e-01 2.154166666666666730e-01 2.405833333333333435e-01
2.700000000000000178e+00 7.789999999999998315e-02 6.991666666666666863e-02 8.608333333333333115e-02
2.740000000000000213e+00 1.809999999999999803e-02 1.441666666666666617e-02 2.350000000000000006e-02
2.780000000000000249e+00 2.766666666666666406e-03 1.833333333333333299e-03 3.749999999999999861e-03
2.820000000000000284e+00 2.249999999999999938e-04 8.333333333333333055e-05 4.166666666666666934e-04
2.859999999999999876e+00 6.666666666666666986e-05 0.000000000000000000e+00 1.666666666666666611e-04
2.899999999999999911e+00 1.749999999999999982e-04 0.000000000000000000e+00 5.833333333333333816e-04
2.939999999999999947e+00 7.333333333333332330e-04 2.500000000000000052e-04 1.250000000000000026e-03
2.979999999999999982e+00 2.658333333333333295e-03 1.666666666666666774e-03 3.833333333333333124e-03
3.020000000000000018e+00 7.158333333333334256e-03 4.916666666666666408e-03 9.083333333333333884e-03
3.060000000000000053e+00 1.696666666666666462e-02 1.366666666666666724e-02 2.100000000000000130e-02
3.100000000000000089e+00 3.630000000000000587e-02 2.999999999999999889e-02 4.133333333333333304e-02
3.140000000000000124e+00 6.870000000000001106e-02 6.333333333333333870e-02 7.708333333333333703e-02
3.180000000000000160e+00 1.137333333333333529e-01 1.045833333333333337e-01 1.211666666666666725e-01
3.220000000000000195e+00 1.656416666666666870e-01 1.592500000000000027e-01 1.729166666666666630e-01
3.260000000000000231e+00 2.076166666666666438e-01 1.879166666666666763e-01 2.298333333333333339e-01
3.300000000000000266e+00 2.291666666666666852e-01 2.094166666666666676e-01 2.505833333333333246e-01
3.339999999999999858e+00 2.190833333333332966e-01 2.010000000000000120e-01 2.331666666666666610e-01
3.379999999999999893e+00 1.828083333333333227e-01 1.774999999999999911e-01 1.912500000000000033e-01
3.419999999999999929e+00 1.364916666666666778e-01 1.268333333333333257e-01 1.409999999999999865e-01
3.459999999999999964e+00 1.011833333333333335e-01 8.500000000000000611e-02 1.116666666666666641e-01
3.500000000000000000e+00 7.795833333333333781e-02 6.408333333333333937e-02 9.358333333333333781e-02
3.540000000000000036e+00 7.106666666666666687e-02 5.600000000000000117e-02 8.341666666666666674e-02
3.580000000000000071e+00 8.238333333333333619e-02 6.683333333333332793e-02 9.766666666666666552e-02
3.620000000000000107e+00 1.225833333333333358e-01 1.083333333333333370e-01 1.320000000000000062e-01
3.660000000000000142e+00 1.973916666666666875e-01 1.890833333333333255e-01 2.092499999999999916e-01
3.700000000000000178e+00 2.868333333333333846e-01 2.808333333333333237e-01 2.906666666666666843e-01
3.740000000000000213e+00 3.546249999999999680e-01 3.468333333333333268e-01 3.619166666666666643e-01
3.780000000000000249e+00 4.076083333333334058e-01 3.977499999999999925e-01 4.154999999999999805e-01
3.820000000000000284e+00 4.946500000000000341e-01 4.784166666666666567e-01 5.067500000000000338e-01
3.859999999999999876e+00 6.602416666666666156e-01 6.471666666666666679e-01 6.729166666666667185e-01
3.899999999999999911e+00 8.078083333333333504e-01 7.806666666666666199e-01 8.194166666666666821e-01
3.939999999999999947e+00 7.612416666666665943e-01 7.185833333333333517e-01 7.885833333333333028e-01
3.979999999999999982e+00 5.145333333333332870e-01 4.959166666666666723e-01 5.364999999999999769e-01
4.019999999999999574e+00 2.447583333333333278e-01 2.338333333333333375e-01 2.575833333333333308e-01
4.060000000000000497e+00 8.208333333333331372e-02 7.274999999999999523e-02 9.199999999999999845e-02
4.099999999999999645e+00 2.170000000000000054e-02 1.733333333333333254e-02 2.775000000000000036e-02
4.140000000000000568e+00 1.030833333333333254e-02 7.499999999999999722e-03 1.483333333333333379e-02
4.179999999999999716e+00 1.308333333333333223e-02 1.091666666666666653e-02 1.591666666666666577e-02
4.220000000000000639e+00 2.051666666666666569e-02 1.575000000000000011e-02 2.408333333333333506e-02
4.259999999999999787e+00 3.319166666666666099e-02 2.533333333333333270e-02 3.858333333333333059e-02
4.300000000000000711e+00 4.942500000000000365e-02 4.608333333333333032e-02 5.491666666666666918e-02
4.339999999999999858e+00 7.119166666666666698e-02 6.308333333333333848e-02 7.808333333333333792e-02
4.380000000000000782e+00 1.033666666666666761e-01 9.691666666666666485e-02 1.084166666666666612e-01
4.419999999999999929e+00 1.396500000000000241e-01 1.299166666666666803e-01 1.499999999999999944e-01
4.460000000000000853e+00 1.811916666666666675e-01 1.710000000000000131e-01 1.906666666666666787e-01
4.500000000000000000e+00 2.245750000000000246e-01 2.157499999999999973e-01 2.367499999999999882e-01
4.540000000000000924e+00 2.663833333333333053e-01 2.575000000000000067e-01 2.752499999999999947e-01
4.580000000000000071e+00 2.976083333333333636e-01 2.842500000000000027e-01 3.099999999999999978e-01
4.620000000000000107e+00 3.202583333333333115e-01 3.077500000000000235e-01 3.348333333333333162e-01
4.660000000000000142e+00 3.276833333333333820e-01 3.140000000000000013e-01 3.348333333333333162e-01
4.699999999999999289e+00 3.242333333333333178e-01 3.125833333333333242e-01 3.402499999999999969e-01
4.740000000000000213e+00 3.183833333333333515e-01 3.097500000000000253e-01 3.301666666666666639e-01
4.779999999999999361e+00 3.191416666666667123e-01 3.038333333333333441e-01 3.288333333333333108e-01
4.820000000000000284e+00 3.255666666666666709e-01 3.156666666666666510e-01 3.350833333333333441e-01
4.859999999999999432e+00 3.411333333333333440e-01 3.325000000000000178e-01 3.537500000000000089e-01
4.900000000000000355e+00 3.612250000000000183e-01 3.469166666666666510e-01 3.750000000000000000e-01
4.939999999999999503e+00 3.635666666666666491e-01 3.539166666666666572e-01 3.721666666666666456e-01
4.980000000000000426e+00 3.589250000000000496e-01 3.490833333333333566e-01 3.692500000000000226e-01
5.019999999999999574e+00 3.441250000000000142e-01 3.266666666666666607e-01 3.566666666666666874e-01
5.060000000000000497e+00 3.260750000000000037e-01 2.967500000000000138e-01 3.527500000000000080e-01
5.099999999999999645e+00 2.896750000000000158e-01 2.690000000000000169e-01 3.219166666666666843e-01
5.140000000000000568e+00 2.252666666666666428e-01 2.092499999999999916e-01 2.520000000000000018e-01
5.179999999999999716e+00 1.505250000000000199e-01 1.394166666666666610e-01 1.707500000000000129e-01
5.220000000000000639e+00 9.323333333333332085e-02 8.666666666666666963e-02 1.019999999999999934e-01
5.259999999999999787e+00 5.723333333333333744e-02 5.458333333333333093e-02 6.049999999999999822e-02
5.300000000000000711e+00 4.292500000000000482e-02 3.916666666666666907e-02 4.541666666666666768e-02
5.339999999999999858e+00 4.179166666666667140e-02 3.649999999999999772e-02 4.508333333333333637e-02
5.380000000000000782e+00 4.537499999999999173e-02 4.308333333333333459e-02 4.883333333333333276e-02
5.419999999999999929e+00 4.889166666666666661e-02 4.524999999999999856e-02 5.333333333333333676e-02
5.460000000000000853e+00 5.508333333333333831e-02 4.975000000000000255e-02 6.216666666666666868e-02
5.500000000000000000e+00 5.871666666666667395e-02 5.358333333333333004e-02 6.691666666666666596e-02
5.540000000000000924e+00 6.294166666666667354e-02 5.775000000000000272e-02 6.925000000000000600e-02
5.580000000000000071e+00 6.905833333333331880e-02 6.191666666666666846e-02 7.558333333333333570e-02
5.620000000000000107e+00 7.197500000000001119e-02 6.766666666666666663e-02 8.075000000000000233e-02
5.660000000000000142e+00 7.284999999999999809e-02 6.666666666666666574e-02 8.133333333333332693e-02
5.699999999999999289e+00 7.484166666666666745e-02 7.099999999999999367e-02 8.100000000000000255e-02
5.740000000000000213e+00 7.401666666666664729e-02 6.683333333333332793e-02 8.491666666666666807e-02
5.779999999999999361e+00 7.400833333333334263e-02 6.850000000000000533e-02 8.075000000000000233e-02
5.820000000000000284e+00 7.186666666666666203e-02 6.758333333333332860e-02 7.933333333333333903e-02
5.859999999999999432e+00 7.124166666666667536e-02 6.716666666666666619e-02 7.816666666666666208e-02
5.900000000000000355e+00 6.656666666666666288e-02 6.316666666666666263e-02 7.091666666666666952e-02
5.939999999999999503e+00 6.484166666666665857e-02 5.941666666666666624e-02 7.108333333333333171e-02
5.980000000000000426e+00 6.109166666666666912e-02 5.825000000000000316e-02 6.725000000000000422e-02
6.019999999999999574e+00 5.721666666666667261e-02 5.216666666666666674e-02 6.241666666666666891e-02
6.060000000000000497e+00 5.574166666666666853e-02 5.158333333333333520e-02 5.883333333333333470e-02
6.099999999999999645e+00 5.232499999999999651e-02 4.574999999999999900e-02 5.949999999999999734e-02
6.140000000000000568e+00 5.060833333333334544e-02 4.250000000000000305e-02 5.725000000000000228e-02
6.179999999999999716e+00 4.906666666666666121e-02 3.883333333333333082e-02 5.691666666666666402e-02
6.220000000000000639e+00 4.692500000000000143e-02 3.375000000000000222e-02 5.466666666666666896e-02
6.259999999999999787e+00 4.155000000000000360e-02 3.158333333333333132e-02 4.700000000000000011e-02
6.300000000000000711e+00 3.602499999999999453e-02 2.574999999999999858e-02 4.208333333333333370e-02
6.339999999999999858e+00 2.843333333333333129e-02 2.041666666666666630e-02 3.475000000000000311e-02
6.380000000000000782e+00 2.244166666666666879e-02 1.725000000000000144e-02 2.733333333333333448e-02
6.419999999999999929e+00 1.746666666666666506e-02 1.266666666666666635e-02 2.108333333333333240e-02
6.460000000000000853e+00 1.484166666666666447e-02 1.091666666666666653e-02 1.874999999999999931e-02
6.500000000000000000e+00 1.342500000000000117e-02 9.499999999999999764e-03 1.666666666666666644e-02
6.540000000000000924e+00 1.320833333333333234e-02 8.999999999999999320e-03 1.700000000000000122e-02
6.580000000000000071e+00 1.355000000000000128e-02 1.141666666666666698e-02 1.641666666666666621e-02
6.620000000000000995e+00 1.354166666666666886e-02 9.916666666666667379e-03 1.708333333333333232e-02
6.660000000000000142e+00 1.345833333333333257e-02 9.833333333333332815e-03 1.633333333333333165e-02
6.699999999999999289e+00 1.399166666666666961e-02 1.133333333333333415e-02 1.725000000000000144e-02
6.740000000000000213e+00 1.461666666666666670e-02 1.091666666666666653e-02 1.733333333333333254e-02
6.779999999999999361e+00 1.484166666666666620e-02 1.133333333333333415e-02 1.866666666666666821e-02
6.820000000000000284e+00 1.470833333333333368e-02 1.133333333333333415e-02 1.833333333333333343e-02
6.859999999999999432e+00 1.462500000000000258e-02 1.099999999999999936e-02 1.899999999999999953e-02
6.900000000000000355e+00 1.568333333333333385e-02 1.091666666666666653e-02 1.916666666666666519e-02
6.939999999999999503e+00 1.565000000000000072e-02 1.133333333333333415e-02 2.041666666666666630e-02
6.980000000000000426e+00 1.553333333333333302e-02 1.108333333333333393e-02 2.100000000000000130e-02
7.019999999999999574e+00 1.629166666666666610e-02 1.291666666666666657e-02 1.966666666666666563e-02
7.060000000000000497e+00 1.626666666666666539e-02 1.141666666666666698e-02 2.041666666666666630e-02
7.099999999999999645e+00 1.774166666666666253e-02 1.241666666666666613e-02 2.249999999999999917e-02
7.140000000000000568e+00 1.875833333333332825e-02 1.074999999999999914e-02 2.383333333333333484e-02
7.179999999999999716e+00 1.946666666666666684e-02 1.450000000000000074e-02 2.375000000000000028e-02
7.220000000000000639e+00 2.057499999999999954e-02 1.308333333333333397e-02 2.541666666666666727e-02
7.259999999999999787e+00 2.200833333333333461e-02 1.533333333333333250e-02 2.708333333333333426e-02
7.300000000000000711e+00 2.179166666666666752e-02 1.341666666666666702e-02 2.825000000000000080e-02
7.339999999999999858e+00 2.427500000000000144e-02 1.750000000000000167e-02 3.041666666666666824e-02
7.380000000000000782e+00 2.239999999999999977e-02 1.458333333333333356e-02 2.775000000000000036e-02
7.419999999999999929e+00 2.142500000000000307e-02 1.383333333333333290e-02 2.583333333333333315e-02
7.460000000000000853e+00 1.859166666666666953e-02 1.050000000000000065e-02 2.333333333333333440e-02
7.500000000000000000e+00 1.453333333333333387e-02 8.916666666666666491e-03 1.949999999999999997e-02
7.540000000000000924e+00 1.094166666666666551e-02 6.833333333333333620e-03 1.358333333333333268e-02
7.580000000000000071e+00 7.208333333333333086e-03 4.000000000000000083e-03 9.499999999999999764e-03
7.620000000000000995e+00 4.116666666666666911e-03 2.666666666666666578e-03 5.916666666666666428e-03
7.660000000000000142e+00 1.908333333333333496e-03 8.333333333333333868e-04 2.749999999999999840e-03
7.699999999999999289e+00 9.583333333333332810e-04 4.166666666666666934e-04 1.500000000000000031e-03
7.740000000000000213e+00 3.083333333333333650e-04 8.333333333333333055e-05 7.500000000000000156e-04
7.779999999999999361e+00 1.416666666666666768e-04 0.000000000000000000e+00 4.166666666666666934e-04
7.820000000000000284e+00 2.500000000000000120e-05 0.000000000000000000e+00 8.333333333333333055e-05
7.859999999999999432e+00 8.333333333333333733e-06 0.000000000000000000e+00 8.333333333333333055e-05
7.900000000000000355e+00 0.000000000000000000e+00 0.000000000000000000e+00 0.000000000000000000e+00
7.939999999999999503e+00 0.000000000000000000e+00 0.000000000000000000e+00 0.000000000000000000e+00
7.980000000000000426e+00 0.000000000000000000e+00 0.000000000000000000e+00 0.000000000000000000e+00
