# r_A g_mean g_min g_max
2.000000000000000042e-02 0.000000000000000000e+00 0.000000000000000000e+00 0.000000000000000000e+00
5.999999999999999778e-02 0.000000000000000000e+00 0.000000000000000000e+00 0.000000000000000000e+00
1.000000000000000056e-01 0.000000000000000000e+00 0.000000000000000000e+00 0.000000000000000000e+00
1.400000000000000133e-01 0.000000000000000000e+00 0.000000000000000000e+00 0.000000000000000000e+00
1.799999999999999933e-01 0.000000000000000000e+00 0.000000000000000000e+00 0.000000000000000000e+00
2.200000000000000011e-01 0.000000000000000000e+00 0.000000000000000000e+00 0.000000000000000000e+00
2.600000000000000089e-01 0.000000000000000000e+00 0.000000000000000000e+00 0.000000000000000000e+00
3.000000000000000444e-01 0.000000000000000000e+00 0.000000000000000000e+00 0.000000000000000000e+00
3.399999999999999689e-01 0.000000000000000000e+00 0.000000000000000000e+00 0.000000000000000000e+00
3.800000000000000044e-01 0.000000000000000000e+00 0.000000000000000000e+00 0.000000000000000000e+00
4.200000000000000400e-01 0.000000000000000000e+00 0.000000000000000000e+00 0.000000000000000000e+00
4.599999999999999645e-01 0.000000000000000000e+00 0.000000000000000000e+00 0.000000000000000000e+00
5.000000000000000000e-01 0.000000000000000000e+00 0.000000000000000000e+00 0.000000000000000000e+00
5.400000000000000355e-01 0.000000000000000000e+00 0.000000000000000000e+00 0.000000000000000000e+00
5.800000000000000711e-01 0.000000000000000000e+00 0.000000000000000000e+00 0.000000000000000000e+00
6.199999999999999956e-01 0.000000000000000000e+00 0.000000000000000000e+00 0.000000000000000000e+00
6.600000000000000311e-01 0.000000000000000000e+00 0.000000000000000000e+00 0.000000000000000000e+00
6.999999999999999556e-01 0.000000000000000000e+00 0.000000000000000000e+00 0.000000000000000000e+00
7.399999999999999911e-01 0.000000000000000000e+00 0.000000000000000000e+00 0.000000000000000000e+00
7.800000000000000266e-01 0.000000000000000000e+00 0.000000000000000000e+00 0.000000000000000000e+00
8.200000000000000622e-01 0.000000000000000000e+00 0.000000000000000000e+00 0.000000000000000000e+00
8.599999999999999867e-01 0.000000000000000000e+00 0.000000000000000000e+00 0.000000000000000000e+00
9.000000000000000222e-01 0.000000000000000000e+00 0.000000000000000000e+00 0.000000000000000000e+00
9.399999999999999467e-01 0.000000000000000000e+00 0.000000000000000000e+00 0.000000000000000000e+00
9.799999999999999822e-01 0.000000000000000000e+00 0.000000000000000000e+00 0.000000000000000000e+00
1.020000000000000018e+00 2.083333333333333037e+00 2.083333333333333481e+00 2.083333333333333481e+00
1.060000000000000053e+00 0.000000000000000000e+00 0.000000000000000000e+00 0.000000000000000000e+00
1.100000000000000089e+00 0.000000000000000000e+00 0.000000000000000000e+00 0.000000000000000000e+00
1.140000000000000124e+00 0.000000000000000000e+00 0.000000000000000000e+00 0.000000000000000000e+00
1.179999999999999938e+00 0.000000000000000000e+00 0.000000000000000000e+00 0.000000000000000000e+00
1.219999999999999973e+00 0.000000000000000000e+00 0.000000000000000000e+00 0.000000000000000000e+00
1.260000000000000009e+00 0.000000000000000000e+00 0.000000000000000000e+00 0.000000000000000000e+00
1.300000000000000044e+00 0.000000000000000000e+00 0.000000000000000000e+00 0.000000000000000000e+00
1.340000000000000080e+00 0.000000000000000000e+00 0.000000000000000000e+00 0.000000000000000000e+00
1.380000000000000115e+00 0.000000000000000000e+00 0.000000000000000000e+00 0.000000000000000000e+00
1.419999999999999929e+00 0.000000000000000000e+00 0.000000000000000000e+00 0.000000000000000000e+00
1.459999999999999964e+00 0.000000000000000000e+00 0.000000000000000000e+00 0.000000000000000000e+00
1.500000000000000000e+00 0.000000000000000000e+00 0.000000000000000000e+00 0.000000000000000000e+00
1.540000000000000036e+00 0.000000000000000000e+00 0.000000000000000000e+00 0.000000000000000000e+00
1.580000000000000071e+00 0.000000000000000000e+00 0.000000000000000000e+00 0.000000000000000000e+00
1.620000000000000107e+00 0.000000000000000000e+00 0.000000000000000000e+00 0.000000000000000000e+00
1.660000000000000142e+00 0.000000000000000000e+00 0.000000000000000000e+00 0.000000000000000000e+00
1.699999999999999956e+00 0.000000000000000000e+00 0.000000000000000000e+00 0.000000000000000000e+00
1.739999999999999991e+00 0.000000000000000000e+00 0.000000000000000000e+00 0.000000000000000000e+00
1.780000000000000027e+00 0.000000000000000000e+00 0.000000000000000000e+00 0.000000000000000000e+00
1.820000000000000062e+00 0.000000000000000000e+00 0.000000000000000000e+00 0.000000000000000000e+00
1.860000000000000098e+00 3.125000000000000065e-05 0.000000000000000000e+00 1.041666666666666734e-04
1.899999999999999911e+00 5.052083333333334206e-04 2.083333333333333467e-04 8.854166666666666219e-04
1.939999999999999947e+00 5.802083333333334439e-03 4.010416666666666470e-03 7.760416666666666331e-03
1.979999999999999982e+00 4.759375000000000411e-02 3.869791666666666519e-02 5.572916666666666990e-02
2.020000000000000018e+00 2.181562500000000515e-01 1.998958333333333282e-01 2.447395833333333437e-01
2.060000000000000053e+00 6.261718749999999334e-01 6.194270833333332948e-01 6.390624999999999778e-01
2.100000000000000089e+00 1.088515624999999876e+00 1.057812500000000044e+00 1.123124999999999929e+00
2.140000000000000124e+00 1.146609375000000153e+00 1.106406250000000036e+00 1.178281249999999947e+00
2.180000000000000160e+00 7.179947916666666874e-01 7.107291666666666341e-01 7.261458333333333792e-01
2.220000000000000195e+00 2.601041666666666918e-01 2.398437499999999944e-01 2.780208333333333282e-01
2.260000000000000231e+00 5.069270833333333615e-02 4.109374999999999833e-02 6.322916666666666963e-02
2.299999999999999822e+00 6.005208333333333752e-03 3.541666666666666487e-03 7.552083333333333391e-03
2.339999999999999858e+00 4.114583333333332940e-03 2.812499999999999896e-03 6.458333333333333287e-03
2.379999999999999893e+00 1.183333333333333112e-02 9.531249999999999792e-03 1.531249999999999972e-02
2.419999999999999929e+00 3.055208333333333387e-02 2.531250000000000167e-02 3.697916666666666713e-02
2.459999999999999964e+00 6.823958333333332571e-02 5.822916666666666519e-02 7.786458333333333426e-02
2.500000000000000000e+00 1.324010416666666634e-01 1.217708333333333282e-01 1.477604166666666718e-01
2.540000000000000036e+00 2.254062500000000302e-01 2.161458333333333426e-01 2.402604166666666707e-01
2.580000000000000071e+00 3.345885416666666279e-01 3.211458333333333526e-01 3.460937499999999778e-01
2.620000000000000107e+00 4.363906250000000320e-01 4.280208333333333504e-01 4.432812500000000155e-01
2.660000000000000142e+00 5.218958333333333366e-01 5.077083333333333171e-01 5.334895833333332948e-01
2.700000000000000178e+00 5.661718749999999911e-01 5.431770833333333659e-01 5.898437500000000000e-01
2.740000000000000213e+00 5.674947916666666092e-01 5.513020833333333037e-01 5.831770833333332904e-01
2.780000000000000249e+00 5.338854166666665568e-01 5.113020833333333792e-01 5.465104166666666652e-01
2.820000000000000284e+00 4.726822916666666430e-01 4.490104166666666896e-01 4.866145833333333504e-01
2.859999999999999876e+00 4.073906250000000062e-01 3.938020833333333304e-01 4.180729166666666829e-01
2.899999999999999911e+00 3.421822916666666936e-01 3.310937500000000200e-01 3.530208333333333393e-01
2.939999999999999947e+00 2.822395833333333215e-01 2.749479166666666807e-01 2.902083333333333459e-01
2.979999999999999982e+00 2.356041666666666701e-01 2.269791666666666763e-01 2.404166666666666674e-01
3.020000000000000018e+00 1.997031250000000091e-01 1.936458333333333226e-01 2.040104166666666663e-01
3.060000000000000053e+00 1.731041666666666978e-01 1.707812499999999956e-01 1.769270833333333459e-01
3.100000000000000089e+00 1.550104166666666783e-01 1.468750000000000056e-01 1.592187499999999922e-01
3.140000000000000124e+00 1.413541666666666974e-01 1.366666666666666585e-01 1.492187500000000111e-01
3.180000000000000160e+00 1.349947916666666692e-01 1.304166666666666530e-01 1.446354166666666552e-01
3.220000000000000195e+00 1.415625000000000078e-01 1.332812499999999900e-01 1.498437499999999978e-01
3.260000000000000231e+00 1.717968749999999878e-01 1.585416666666666641e-01 1.855729166666666707e-01
3.300000000000000266e+00 2.508229166666666177e-01 2.360937499999999911e-01 2.663020833333333282e-01
3.339999999999999858e+00 3.760885416666666647e-01 3.644270833333333459e-01 3.876041666666666941e-01
3.379999999999999893e+00 4.764531250000000329e-01 4.697395833333333215e-01 4.839583333333333237e-01
3.419999999999999929e+00 4.626770833333332389e-01 4.486458333333333548e-01 4.719270833333333304e-01
3.459999999999999964e+00 3.336562499999999876e-01 3.255729166666666563e-01 3.409375000000000044e-01
3.500000000000000000e+00 1.845625000000000182e-01 1.776562499999999878e-01 1.926562500000000011e-01
3.540000000000000036e+00 9.707812500000001510e-02 9.031250000000000389e-02 1.029687499999999978e-01
3.580000000000000071e+00 6.886458333333334014e-02 6.411458333333333592e-02 7.583333333333333592e-02
3.620000000000000107e+00 6.877604166666666241e-02 6.531249999999999556e-02 7.234374999999999833e-02
3.660000000000000142e+00 7.764062499999999090e-02 7.411458333333333093e-02 8.026041666666666741e-02
3.700000000000000178e+00 8.541666666666666852e-02 8.171875000000000666e-02 8.921874999999999944e-02
3.740000000000000213e+00 9.523958333333333581e-02 9.088541666666666297e-02 9.947916666666666019e-02
3.780000000000000249e+00 1.051614583333333464e-01 9.937500000000000500e-02 1.095312499999999967e-01
3.820000000000000284e+00 1.199947916666666697e-01 1.162500000000000061e-01 1.236458333333333298e-01
3.859999999999999876e+00 1.338958333333332973e-01 1.267708333333333326e-01 1.403645833333333204e-01
3.899999999999999911e+00 1.555885416666666632e-01 1.459895833333333393e-01 1.665104166666666607e-01
3.939999999999999947e+00 1.754062499999999858e-01 1.659895833333333293e-01 1.813020833333333359e-01
3.979999999999999982e+00 2.006249999999999978e-01 1.936979166666666641e-01 2.070833333333333415e-01
4.019999999999999574e+00 2.253385416666666696e-01 2.109375000000000000e-01 2.332291666666666541e-01
4.060000000000000497e+00 2.540260416666666465e-01 2.489062499999999956e-01 2.598437499999999845e-01
4.099999999999999645e+00 2.670937500000000187e-01 2.614583333333333481e-01 2.715104166666666430e-01
4.140000000000000568e+00 2.728072916666667291e-01 2.629166666666666874e-01 2.820833333333333526e-01
4.179999999999999716e+00 2.639947916666666172e-01 2.545312499999999867e-01 2.769791666666666652e-01
4.220000000000000639e+00 2.405729166666666641e-01 2.282291666666666774e-01 2.527083333333333126e-01
4.259999999999999787e+00 2.084479166666666772e-01 2.017187500000000022e-01 2.143750000000000100e-01
4.300000000000000711e+00 1.744635416666666938e-01 1.712500000000000133e-01 1.784895833333333404e-01
4.339999999999999858e+00 1.441666666666666652e-01 1.405208333333333448e-01 1.481250000000000067e-01
4.380000000000000782e+00 1.170468750000000224e-01 1.128645833333333376e-01 1.237499999999999989e-01
4.419999999999999929e+00 1.014687499999999964e-01 9.526041666666666685e-02 1.042187499999999989e-01
4.460000000000000853e+00 9.313541666666667884e-02 8.369791666666666352e-02 9.776041666666666907e-02
4.500000000000000000e+00 9.766666666666669328e-02 9.151041666666666352e-02 1.021354166666666730e-01
4.540000000000000924e+00 1.114218750000000036e-01 9.953125000000000167e-02 1.223958333333333287e-01
4.580000000000000071e+00 1.449062499999999865e-01 1.339583333333333459e-01 1.616666666666666530e-01
4.620000000000000107e+00 1.871249999999999580e-01 1.696354166666666774e-01 2.018229166666666574e-01
4.660000000000000142e+00 2.270520833333332933e-01 2.032291666666666552e-01 2.606249999999999956e-01
4.699999999999999289e+00 2.469479166666666559e-01 2.236458333333333215e-01 2.906770833333333082e-01
4.740000000000000213e+00 2.330520833333333264e-01 2.109375000000000000e-01 2.681770833333333437e-01
4.779999999999999361e+00 2.047812499999999980e-01 1.836458333333333415e-01 2.360937499999999911e-01
4.820000000000000284e+00 1.821562500000000195e-01 1.671874999999999889e-01 2.032812499999999967e-01
4.859999999999999432e+00 1.765364583333333404e-01 1.640104166666666585e-01 1.971874999999999878e-01
4.900000000000000355e+00 1.875052083333333397e-01 1.749999999999999889e-01 2.009895833333333326e-01
4.939999999999999503e+00 2.049531250000000138e-01 1.931249999999999911e-01 2.206770833333333293e-01
4.980000000000000426e+00 2.268229166666667074e-01 2.096354166666666574e-01 2.502604166666666519e-01
5.019999999999999574e+00 2.449270833333333230e-01 2.229166666666666796e-01 2.617187500000000000e-01
5.060000000000000497e+00 2.598177083333332860e-01 2.424479166666666796e-01 2.784375000000000044e-01
5.099999999999999645e+00 2.673020833333333846e-01 2.483854166666666641e-01 2.979687500000000044e-01
5.140000000000000568e+00 2.654531250000000120e-01 2.401562499999999878e-01 2.823958333333333459e-01
5.179999999999999716e+00 2.546562500000000284e-01 2.416666666666666685e-01 2.718229166666666918e-01
5.220000000000000639e+00 2.413124999999999853e-01 2.254166666666666541e-01 2.579166666666666829e-01
5.259999999999999787e+00 2.198541666666666838e-01 2.085416666666666530e-01 2.338020833333333270e-01
5.300000000000000711e+00 1.982343749999999627e-01 1.908854166666666685e-01 2.060416666666666785e-01
5.339999999999999858e+00 1.738749999999999740e-01 1.692187500000000011e-01 1.765104166666666696e-01
5.380000000000000782e+00 1.529218750000000127e-01 1.491666666666666696e-01 1.573437500000000044e-01
5.419999999999999929e+00 1.350416666666666710e-01 1.303645833333333393e-01 1.383333333333333359e-01
5.460000000000000853e+00 1.169427083333333395e-01 1.130729166666666619e-01 1.216145833333333315e-01
5.500000000000000000e+00 1.015781250000000052e-01 9.640624999999999889e-02 1.045833333333333337e-01
5.540000000000000924e+00 8.807812500000000711e-02 8.223958333333333814e-02 9.317708333333332704e-02
5.580000000000000071e+00 7.734375000000000278e-02 7.000000000000000666e-02 8.651041666666667296e-02
5.620000000000000107e+00 7.050520833333331905e-02 6.317708333333332815e-02 7.958333333333333925e-02
5.660000000000000142e+00 6.627083333333332049e-02 5.671874999999999833e-02 7.864583333333333148e-02
5.699999999999999289e+00 6.766666666666665275e-02 5.531250000000000056e-02 8.083333333333332649e-02
5.740000000000000213e+00 6.892708333333333326e-02 5.557291666666666630e-02 8.130208333333333037e-02
5.779999999999999361e+00 7.198958333333334292e-02 5.437499999999999972e-02 8.776041666666666019e-02
5.820000000000000284e+00 7.407291666666666885e-02 5.755208333333333010e-02 8.421874999999999500e-02
5.859999999999999432e+00 6.932812499999999045e-02 4.838541666666666685e-02 8.213541666666666907e-02
5.900000000000000355e+00 6.098437499999999345e-02 4.598958333333333370e-02 7.343750000000000278e-02
5.939999999999999503e+00 4.983333333333333365e-02 3.588541666666666963e-02 5.984375000000000111e-02
5.980000000000000426e+00 4.050000000000000128e-02 2.937499999999999833e-02 5.036458333333333065e-02
6.019999999999999574e+00 3.619270833333333715e-02 2.880208333333333232e-02 4.552083333333333676e-02
6.060000000000000497e+00 3.420833333333332671e-02 2.364583333333333467e-02 4.250000000000000305e-02
6.099999999999999645e+00 3.369270833333333492e-02 2.468750000000000111e-02 4.010416666666666990e-02
6.140000000000000568e+00 3.418749999999999567e-02 2.442708333333333190e-02 4.072916666666666352e-02
6.179999999999999716e+00 3.518749999999999656e-02 2.468750000000000111e-02 4.182291666666666796e-02
6.220000000000000639e+00 3.602083333333332832e-02 2.510416666666666699e-02 4.281250000000000333e-02
6.259999999999999787e+00 3.640104166666666141e-02 2.546874999999999833e-02 4.661458333333333426e-02
6.300000000000000711e+00 3.523958333333333803e-02 2.515625000000000153e-02 4.411458333333333204e-02
6.339999999999999858e+00 3.472395833333333931e-02 2.447916666666666644e-02 4.182291666666666796e-02
6.380000000000000782e+00 3.351562499999999334e-02 2.312499999999999972e-02 3.958333333333333148e-02
6.419999999999999929e+00 3.309374999999999123e-02 2.270833333333333384e-02 3.885416666666666879e-02
6.460000000000000853e+00 3.114583333333332746e-02 2.218749999999999889e-02 3.828125000000000278e-02
6.500000000000000000e+00 2.963541666666666408e-02 2.281249999999999944e-02 3.552083333333333481e-02
6.540000000000000924e+00 2.797916666666666607e-02 1.947916666666666546e-02 3.343750000000000194e-02
6.580000000000000071e+00 2.636458333333333709e-02 2.000000000000000042e-02 3.354166666666666408e-02
6.620000000000000995e+00 2.462500000000000105e-02 1.645833333333333176e-02 2.947916666666666741e-02
6.660000000000000142e+00 2.415624999999999717e-02 1.630208333333333162e-02 3.010416666666666796e-02
6.699999999999999289e+00 2.265624999999999931e-02 1.552083333333333266e-02 2.812500000000000069e-02
6.740000000000000213e+00 2.134374999999999814e-02 1.442708333333333343e-02 2.692708333333333412e-02
6.779999999999999361e+00 2.034375000000000072e-02 1.250000000000000069e-02 2.437500000000000083e-02
6.820000000000000284e+00 1.933333333333333431e-02 1.229166666666666602e-02 2.328124999999999986e-02
6.859999999999999432e+00 1.894270833333333570e-02 1.317708333333333405e-02 2.432291666666666630e-02
6.900000000000000355e+00 1.850520833333333531e-02 1.250000000000000069e-02 2.223958333333333343e-02
6.939999999999999503e+00 1.780208333333333295e-02 1.276041666666666644e-02 2.255208333333333370e-02
6.980000000000000426e+00 1.665625000000000092e-02 1.057291666666666623e-02 2.182291666666666755e-02
7.019999999999999574e+00 1.542187499999999635e-02 9.843750000000000069e-03 1.895833333333333398e-02
7.060000000000000497e+00 1.263541666666666632e-02 8.072916666666667476e-03 1.614583333333333495e-02
7.099999999999999645e+00 1.034375000000000051e-02 6.510416666666666956e-03 1.276041666666666644e-02
7.140000000000000568e+00 8.057291666666663993e-03 5.364583333333333183e-03 1.036458333333333329e-02
7.179999999999999716e+00 5.177083333333333884e-03 3.229166666666666644e-03 6.927083333333333703e-03
7.220000000000000639e+00 3.244791666666666657e-03 2.135416666666666539e-03 4.114583333333332940e-03
7.259999999999999787e+00 1.395833333333333561e-03 7.291666666666666999e-04 1.927083333333333382e-03
7.300000000000000711e+00 5.468750000000000520e-04 2.083333333333333467e-04 8.333333333333333868e-04
7.339999999999999858e+00 1.718749999999999900e-04 0.000000000000000000e+00 2.604166666666666631e-04
7.380000000000000782e+00 7.291666666666667270e-05 0.000000000000000000e+00 1.041666666666666734e-04
7.419999999999999929e+00 0.000000000000000000e+00 0.000000000000000000e+00 0.000000000000000000e+00
7.460000000000000853e+00 1.041666666666666801e-05 0.000000000000000000e+00 5.208333333333333668e-05
7.500000000000000000e+00 0.000000000000000000e+00 0.000000000000000000e+00 0.000000000000000000e+00
7.540000000000000924e+00 0.000000000000000000e+00 0.000000000000000000e+00 0.000000000000000000e+00
7.580000000000000071e+00 0.000000000000000000e+00 0.000000000000000000e+00 0.000000000000000000e+00
7.620000000000000995e+00 0.000000000000000000e+00 0.000000000000000000e+00 0.000000000000000000e+00
7.660000000000000142e+00 0.000000000000000000e+00 0.000000000000000000e+00 0.000000000000000000e+00
7.699999999999999289e+00 0.000000000000000000e+00 0.000000000000000000e+00 0.000000000000000000e+00
7.740000000000000213e+00 0.000000000000000000e+00 0.000000000000000000e+00 0.000000000000000000e+00
7.779999999999999361e+00 0.000000000000000000e+00 0.000000000000000000e+00 0.000000000000000000e+00
7.820000000000000284e+00 0.000000000000000000e+00 0.000000000000000000e+00 0.000000000000000000e+00
7.859999999999999432e+00 0.000000000000000000e+00 0.000000000000000000e+00 0.000000000000000000e+00
7.900000000000000355e+00 0.000000000000000000e+00 0.000000000000000000e+00 0.000000000000000000e+00
7.939999999999999503e+00 0.000000000000000000e+00 0.000000000000000000e+00 0.000000000000000000e+00
7.980000000000000426e+00 0.000000000000000000e+00 0.000000000000000000e+00 0.000000000000000000e+00
