# t_fs vacf_normalized
0.000000000000000000e+00 1.000000000000000000e+00
2.000000000000000000e+00 9.052804797422766558e-01
4.000000000000000000e+00 6.497721397444110591e-01
6.000000000000000000e+00 3.092670051549935017e-01
8.000000000000000000e+00 -1.924006616957048971e-02
1.000000000000000000e+01 -2.485214283041380645e-01
1.200000000000000000e+01 -3.263346227929946886e-01
1.400000000000000000e+01 -2.482132882126033280e-01
1.600000000000000000e+01 -5.572119540335265797e-02
1.800000000000000000e+01 1.785209332679831562e-01
2.000000000000000000e+01 3.747556685562796197e-01
2.200000000000000000e+01 4.717164234566398329e-01
2.400000000000000000e+01 4.452470500329204217e-01
2.600000000000000000e+01 3.132667047151747597e-01
2.800000000000000000e+01 1.259330843833645630e-01
3.000000000000000000e+01 -5.416335034285024025e-02
3.200000000000000000e+01 -1.737655175535758878e-01
3.400000000000000000e+01 -2.052184228891293094e-01
3.600000000000000000e+01 -1.526922745075356413e-01
3.800000000000000000e+01 -4.739193264977693831e-02
4.000000000000000000e+01 6.582413503828668522e-02
4.200000000000000000e+01 1.453175853393704753e-01
4.400000000000000000e+01 1.668621272245489062e-01
4.600000000000000000e+01 1.302702712993465128e-01
4.800000000000000000e+01 5.682546015879657436e-02
5.000000000000000000e+01 -2.053899821745983414e-02
5.200000000000000000e+01 -7.012117193365728640e-02
5.400000000000000000e+01 -7.278582685867127089e-02
5.600000000000000000e+01 -2.814341366027060462e-02
5.800000000000000000e+01 4.618794394664894193e-02
6.000000000000000000e+01 1.216745698988115354e-01
6.200000000000000000e+01 1.695132731763418499e-01
6.400000000000000000e+01 1.707917594894838575e-01
6.600000000000000000e+01 1.225831334777312681e-01
6.800000000000000000e+01 3.829403974268163341e-02
7.000000000000000000e+01 -5.719845842410736098e-02
7.200000000000000000e+01 -1.355830617006770766e-01
7.400000000000000000e+01 -1.737304497191192454e-01
7.600000000000000000e+01 -1.604139462150479811e-01
7.800000000000000000e+01 -9.927993098480443479e-02
8.000000000000000000e+01 -7.347160168604735357e-03
8.200000000000000000e+01 9.025228800462879730e-02
8.400000000000000000e+01 1.674289350432923706e-01
8.600000000000000000e+01 2.039984042158990984e-01
8.800000000000000000e+01 1.905386280198891891e-01
9.000000000000000000e+01 1.303274286104010027e-01
9.200000000000000000e+01 3.816056783950210612e-02
9.400000000000000000e+01 -6.352549937143371628e-02
9.600000000000000000e+01 -1.501764974410542686e-01
9.800000000000000000e+01 -2.008067512668410548e-01
1.000000000000000000e+02 -2.024721198047364501e-01
1.020000000000000000e+02 -1.527918108250412854e-01
1.040000000000000000e+02 -6.045531583264106973e-02
1.060000000000000000e+02 5.613396357405699838e-02
1.080000000000000000e+02 1.720750513950605465e-01
1.100000000000000000e+02 2.609813280900735166e-01
1.120000000000000000e+02 3.011181833810641084e-01
1.140000000000000000e+02 2.811917506711163472e-01
1.160000000000000000e+02 2.039913885248362813e-01
1.180000000000000000e+02 8.658461479007471817e-02
1.200000000000000000e+02 -4.319745638831680445e-02
1.220000000000000000e+02 -1.532146510760128699e-01
1.240000000000000000e+02 -2.149531677100257887e-01
1.260000000000000000e+02 -2.111254610506333451e-01
1.280000000000000000e+02 -1.410126807527330162e-01
1.300000000000000000e+02 -2.186449108456757495e-02
1.320000000000000000e+02 1.145803854750539752e-01
1.340000000000000000e+02 2.301254526593058680e-01
1.360000000000000000e+02 2.908643636472760807e-01
1.380000000000000000e+02 2.775625042677931642e-01
1.400000000000000000e+02 1.922081497172467013e-01
1.420000000000000000e+02 5.818819194167532821e-02
1.440000000000000000e+02 -8.636363284382600480e-02
1.460000000000000000e+02 -2.000550229186712492e-01
1.480000000000000000e+02 -2.508708711262747082e-01
1.500000000000000000e+02 -2.259676289017643336e-01
1.520000000000000000e+02 -1.356268272785819962e-01
1.540000000000000000e+02 -1.010695067227938317e-02
1.560000000000000000e+02 1.098522445422728117e-01
1.580000000000000000e+02 1.861484842883976421e-01
1.600000000000000000e+02 1.958736508131602716e-01
1.620000000000000000e+02 1.388937962080333821e-01
1.640000000000000000e+02 3.755626346208774252e-02
1.660000000000000000e+02 -7.146744287677872509e-02
1.680000000000000000e+02 -1.501983084236593602e-01
1.700000000000000000e+02 -1.725304817457006812e-01
1.720000000000000000e+02 -1.330550742842497025e-01
1.740000000000000000e+02 -4.865276084146659408e-02
1.760000000000000000e+02 4.764103824760382994e-02
1.780000000000000000e+02 1.185000991245015595e-01
1.800000000000000000e+02 1.358646577802241351e-01
1.820000000000000000e+02 9.130706244110821379e-02
1.840000000000000000e+02 -7.181467200716425223e-04
1.860000000000000000e+02 -1.080123822192237959e-01
1.880000000000000000e+02 -1.921979262345209771e-01
1.900000000000000000e+02 -2.224115848345407098e-01
1.920000000000000000e+02 -1.862751890237544783e-01
1.940000000000000000e+02 -9.443316274258571619e-02
1.960000000000000000e+02 2.285214481704201522e-02
1.980000000000000000e+02 1.259587757866528213e-01
2.000000000000000000e+02 1.795632058311672219e-01
2.020000000000000000e+02 1.648876437919672422e-01
2.040000000000000000e+02 8.610855154614791007e-02
2.060000000000000000e+02 -3.130475317836533405e-02
2.080000000000000000e+02 -1.494638360382311015e-01
2.100000000000000000e+02 -2.307439118632992892e-01
2.120000000000000000e+02 -2.498666279517982591e-01
2.140000000000000000e+02 -2.015702387898502812e-01
2.160000000000000000e+02 -1.016905184249752431e-01
2.180000000000000000e+02 1.845602499152219911e-02
2.200000000000000000e+02 1.224504396037566917e-01
2.220000000000000000e+02 1.804448612386744810e-01
2.240000000000000000e+02 1.782341055373170557e-01
2.260000000000000000e+02 1.208241730425592964e-01
2.280000000000000000e+02 2.967912768910548407e-02
2.300000000000000000e+02 -6.493618443677005858e-02
2.320000000000000000e+02 -1.336491999019250310e-01
2.340000000000000000e+02 -1.565732138719735933e-01
2.360000000000000000e+02 -1.283967602046362788e-01
2.380000000000000000e+02 -5.885016105998264885e-02
2.400000000000000000e+02 3.114830809864987948e-02
2.420000000000000000e+02 1.161675051046314605e-01
2.440000000000000000e+02 1.736038929398972530e-01
2.460000000000000000e+02 1.895835012943150044e-01
2.480000000000000000e+02 1.619837291751367314e-01
2.500000000000000000e+02 1.000936288180628714e-01
2.520000000000000000e+02 2.135800701024500453e-02
2.540000000000000000e+02 -5.367207946425566617e-02
2.560000000000000000e+02 -1.067374481057333513e-01
2.580000000000000000e+02 -1.262437708995781394e-01
2.600000000000000000e+02 -1.096544552163622038e-01
2.620000000000000000e+02 -6.354674032439487641e-02
2.640000000000000000e+02 -1.526640567985252262e-03
2.660000000000000000e+02 5.941945399347531298e-02
2.680000000000000000e+02 1.033070462495411651e-01
2.700000000000000000e+02 1.192557706852964972e-01
2.720000000000000000e+02 1.042546019237033800e-01
2.740000000000000000e+02 6.378970683369579453e-02
2.760000000000000000e+02 1.012018764517456232e-02
2.780000000000000000e+02 -4.130311732046565432e-02
2.800000000000000000e+02 -7.624465325341027444e-02
2.820000000000000000e+02 -8.569059121674235668e-02
2.840000000000000000e+02 -6.835151462910045439e-02
2.860000000000000000e+02 -3.092520021024725702e-02
2.880000000000000000e+02 1.403531481361331573e-02
2.900000000000000000e+02 5.207948284468522093e-02
2.920000000000000000e+02 7.143325498151800734e-02
2.940000000000000000e+02 6.671844366486874567e-02
2.960000000000000000e+02 4.061237151724853695e-02
2.980000000000000000e+02 2.922060496049255253e-03
3.000000000000000000e+02 -3.263488226074697657e-02
3.020000000000000000e+02 -5.295032435160922091e-02
3.040000000000000000e+02 -4.993611665483736056e-02
3.060000000000000000e+02 -2.339187600440564146e-02
3.080000000000000000e+02 1.866646590017835561e-02
3.100000000000000000e+02 6.240117493856003200e-02
3.120000000000000000e+02 9.254395869805477626e-02
3.140000000000000000e+02 9.739553804674765114e-02
3.160000000000000000e+02 7.284774866181871478e-02
3.180000000000000000e+02 2.412790491206329505e-02
3.200000000000000000e+02 -3.537171544151364311e-02
3.220000000000000000e+02 -8.793475937581912705e-02
3.240000000000000000e+02 -1.169172621704297615e-01
3.260000000000000000e+02 -1.120270995126042973e-01
3.280000000000000000e+02 -7.280849956103239984e-02
3.300000000000000000e+02 -9.206903049677474596e-03
3.320000000000000000e+02 6.103083461682464600e-02
3.340000000000000000e+02 1.174503092042981783e-01
3.360000000000000000e+02 1.430595560923950682e-01
3.380000000000000000e+02 1.297283201175269685e-01
3.400000000000000000e+02 8.103707245263250258e-02
3.420000000000000000e+02 1.148947290842233272e-02
3.440000000000000000e+02 -5.780510584000377039e-02
3.460000000000000000e+02 -1.056328294406613522e-01
3.480000000000000000e+02 -1.172656640320624416e-01
3.500000000000000000e+02 -8.905528314389186961e-02
3.520000000000000000e+02 -2.960532771389868742e-02
3.540000000000000000e+02 4.287492727670818432e-02
3.560000000000000000e+02 1.062934808022673872e-01
3.580000000000000000e+02 1.417279788984451561e-01
3.600000000000000000e+02 1.395076649678304026e-01
3.620000000000000000e+02 1.022360545984527525e-01
3.640000000000000000e+02 4.369198674122389686e-02
3.660000000000000000e+02 -1.597863186061747320e-02
3.680000000000000000e+02 -5.706786512750815915e-02
3.700000000000000000e+02 -6.677187912882438792e-02
3.720000000000000000e+02 -4.318124953665553045e-02
3.740000000000000000e+02 4.473778925178624119e-03
3.760000000000000000e+02 5.934047950158010537e-02
3.780000000000000000e+02 1.029611730723644786e-01
3.800000000000000000e+02 1.216442207750934867e-01
3.820000000000000000e+02 1.109235288266144093e-01
3.840000000000000000e+02 7.658937355682611525e-02
3.860000000000000000e+02 3.208604742863628567e-02
3.880000000000000000e+02 -6.612670455858812683e-03
3.900000000000000000e+02 -2.672473498425603083e-02
3.920000000000000000e+02 -2.296075822085772225e-02
3.940000000000000000e+02 1.029323507448873676e-03
3.960000000000000000e+02 3.445334233861285095e-02
3.980000000000000000e+02 6.363656692039031115e-02
4.000000000000000000e+02 7.708653745327720408e-02
4.020000000000000000e+02 6.948161523517257243e-02
4.040000000000000000e+02 4.321980326661609140e-02
4.060000000000000000e+02 7.168294524790149239e-03
4.080000000000000000e+02 -2.671321838463430048e-02
4.100000000000000000e+02 -4.753667300897574527e-02
4.120000000000000000e+02 -4.896700831100898182e-02
4.140000000000000000e+02 -3.091562724958268546e-02
4.160000000000000000e+02 9.524864260827508970e-04
4.180000000000000000e+02 3.749351289124312064e-02
4.200000000000000000e+02 6.914761398926962122e-02
4.220000000000000000e+02 8.866155416452160820e-02
4.240000000000000000e+02 9.267475384868849309e-02
4.260000000000000000e+02 8.193989120330254228e-02
4.280000000000000000e+02 6.044674716480609444e-02
4.300000000000000000e+02 3.396518763799425550e-02
4.320000000000000000e+02 8.527650847640760867e-03
4.340000000000000000e+02 -1.076931234973517275e-02
4.360000000000000000e+02 -2.047715277015634688e-02
4.380000000000000000e+02 -1.907992746837532810e-02
4.400000000000000000e+02 -7.050029273775503327e-03
4.420000000000000000e+02 1.317003968999428364e-02
4.440000000000000000e+02 3.730381830953597572e-02
4.460000000000000000e+02 5.971865798890603483e-02
4.480000000000000000e+02 7.444703185934740952e-02
4.500000000000000000e+02 7.669839002516054549e-02
4.520000000000000000e+02 6.446882910969221891e-02
4.540000000000000000e+02 3.964468102874266903e-02
4.560000000000000000e+02 8.046691061909489601e-03
4.580000000000000000e+02 -2.182941366910314332e-02
4.600000000000000000e+02 -4.115703141234351714e-02
4.620000000000000000e+02 -4.353467531487516251e-02
4.640000000000000000e+02 -2.722616710574402021e-02
4.660000000000000000e+02 3.956148457276858349e-03
4.680000000000000000e+02 4.153841254563776786e-02
4.700000000000000000e+02 7.484767174199621897e-02
4.720000000000000000e+02 9.430090424504485036e-02
4.740000000000000000e+02 9.446146481208013423e-02
4.760000000000000000e+02 7.582801343382107595e-02
4.780000000000000000e+02 4.468848877522717256e-02
4.800000000000000000e+02 1.101449935914653767e-02
4.820000000000000000e+02 -1.489961969316139744e-02
4.840000000000000000e+02 -2.584191458295209687e-02
4.860000000000000000e+02 -1.990636165430561405e-02
4.880000000000000000e+02 -8.070285121883614922e-04
4.900000000000000000e+02 2.370180649258848624e-02
4.920000000000000000e+02 4.464822469842423536e-02
4.940000000000000000e+02 5.492804948798683806e-02
4.960000000000000000e+02 5.165429431212393424e-02
4.980000000000000000e+02 3.700325207683024392e-02
5.000000000000000000e+02 1.725140491552283606e-02
5.020000000000000000e+02 3.316227522039860058e-04
5.040000000000000000e+02 -7.173786284358295295e-03
5.060000000000000000e+02 -2.451803926304384987e-03
5.080000000000000000e+02 1.258844808055966172e-02
5.100000000000000000e+02 3.208562355571201868e-02
5.120000000000000000e+02 4.834947165276598513e-02
5.140000000000000000e+02 5.458282256862122955e-02
5.160000000000000000e+02 4.733033091489135397e-02
5.180000000000000000e+02 2.786407408859509563e-02
5.200000000000000000e+02 1.990902744520220771e-03
5.220000000000000000e+02 -2.174438307573330412e-02
5.240000000000000000e+02 -3.489633727272277441e-02
5.260000000000000000e+02 -3.201472252949749686e-02
5.280000000000000000e+02 -1.259723085730291015e-02
5.300000000000000000e+02 1.853786424631315502e-02
5.320000000000000000e+02 5.256335779094700733e-02
5.340000000000000000e+02 7.925512975718101982e-02
5.360000000000000000e+02 9.015934045966536581e-02
5.380000000000000000e+02 8.135778749661022602e-02
5.400000000000000000e+02 5.489619531382423229e-02
5.420000000000000000e+02 1.830348080450671863e-02
5.440000000000000000e+02 -1.771331844453258655e-02
5.460000000000000000e+02 -4.263798196756252157e-02
5.480000000000000000e+02 -4.944520426082382736e-02
5.500000000000000000e+02 -3.676333330299808022e-02
5.520000000000000000e+02 -9.233900030025344804e-03
5.540000000000000000e+02 2.403712815115192220e-02
5.560000000000000000e+02 5.246149433771000320e-02
5.580000000000000000e+02 6.742757108472097194e-02
5.600000000000000000e+02 6.505841475133398999e-02
5.620000000000000000e+02 4.729164445413901879e-02
5.640000000000000000e+02 2.092107592742717750e-02
5.660000000000000000e+02 -4.980578042962258145e-03
5.680000000000000000e+02 -2.226143942659036812e-02
5.700000000000000000e+02 -2.636776482582251294e-02
5.720000000000000000e+02 -1.761870811641145021e-02
5.740000000000000000e+02 -7.170931842528629942e-04
5.760000000000000000e+02 1.726119687971533825e-02
5.780000000000000000e+02 2.962181517236573899e-02
5.800000000000000000e+02 3.248810772186099677e-02
5.820000000000000000e+02 2.598359690978473482e-02
5.840000000000000000e+02 1.376414109496630449e-02
5.860000000000000000e+02 1.212036026296219211e-03
5.880000000000000000e+02 -6.867722495633643218e-03
5.900000000000000000e+02 -8.088410327661816820e-03
5.920000000000000000e+02 -3.174895679441204314e-03
5.940000000000000000e+02 4.675981868535524812e-03
5.960000000000000000e+02 1.142750277953446733e-02
5.980000000000000000e+02 1.409952582073395119e-02
6.000000000000000000e+02 1.208982433893693656e-02
6.020000000000000000e+02 7.328409080055111983e-03
6.040000000000000000e+02 3.213212628706493997e-03
6.060000000000000000e+02 2.855840205938092648e-03
6.080000000000000000e+02 7.479706317474807756e-03
6.100000000000000000e+02 1.571040551591137979e-02
6.120000000000000000e+02 2.407092410153794868e-02
6.140000000000000000e+02 2.846950282012953443e-02
6.160000000000000000e+02 2.605612289747673976e-02
6.180000000000000000e+02 1.665459906212389887e-02
6.200000000000000000e+02 3.112687605348749692e-03
6.220000000000000000e+02 -9.661472151966079419e-03
6.240000000000000000e+02 -1.663195796028359846e-02
6.260000000000000000e+02 -1.472875370067238364e-02
6.280000000000000000e+02 -4.195063047099168926e-03
6.300000000000000000e+02 1.139514110408202698e-02
6.320000000000000000e+02 2.645995471311332267e-02
6.340000000000000000e+02 3.553978132973432957e-02
6.360000000000000000e+02 3.539952579437496971e-02
6.380000000000000000e+02 2.628404630606416201e-02
6.400000000000000000e+02 1.182009182467411330e-02
6.420000000000000000e+02 -2.425116592444331171e-03
6.440000000000000000e+02 -1.116426303313296231e-02
6.460000000000000000e+02 -1.147087487335019321e-02
6.480000000000000000e+02 -3.846378894810949418e-03
6.500000000000000000e+02 8.153514390639082440e-03
6.520000000000000000e+02 1.952795491194064467e-02
6.540000000000000000e+02 2.596130858874633532e-02
6.560000000000000000e+02 2.558539389505943076e-02
6.580000000000000000e+02 1.967406864752466872e-02
6.600000000000000000e+02 1.201243516286334100e-02
6.620000000000000000e+02 7.204572927553099665e-03
6.640000000000000000e+02 8.608367103088572850e-03
6.660000000000000000e+02 1.675596845461460593e-02
6.680000000000000000e+02 2.894155878019872077e-02
6.700000000000000000e+02 4.018099557227905461e-02
6.720000000000000000e+02 4.517229308138996646e-02
6.740000000000000000e+02 4.047147897799338589e-02
6.760000000000000000e+02 2.601827634658369567e-02
6.780000000000000000e+02 5.409304333737937655e-03
6.800000000000000000e+02 -1.520471505270079744e-02
6.820000000000000000e+02 -2.921180013459589303e-02
6.840000000000000000e+02 -3.187039221123235538e-02
6.860000000000000000e+02 -2.203280465139158262e-02
6.880000000000000000e+02 -2.628591156914502659e-03
6.900000000000000000e+02 2.026933190096773599e-02
6.920000000000000000e+02 3.945350441508461981e-02
6.940000000000000000e+02 4.894460329518166009e-02
6.960000000000000000e+02 4.588845146966079314e-02
6.980000000000000000e+02 3.136669803559605924e-02
7.000000000000000000e+02 9.901283119904130334e-03
7.020000000000000000e+02 -1.211878376462578212e-02
7.040000000000000000e+02 -2.851738049225224086e-02
7.060000000000000000e+02 -3.521708950314379055e-02
7.080000000000000000e+02 -3.134076165899310484e-02
7.100000000000000000e+02 -1.923313427575306170e-02
7.120000000000000000e+02 -3.471161591824290047e-03
7.140000000000000000e+02 1.075452944652499632e-02
7.160000000000000000e+02 1.933017145349527621e-02
7.180000000000000000e+02 2.043228998605902541e-02
7.200000000000000000e+02 1.489887029599595673e-02
7.220000000000000000e+02 5.693672470031710918e-03
7.240000000000000000e+02 -3.289445212487396384e-03
7.260000000000000000e+02 -8.629370849654021541e-03
7.280000000000000000e+02 -8.504572725215554449e-03
7.300000000000000000e+02 -3.194916807236377904e-03
7.320000000000000000e+02 5.163060354796374270e-03
7.340000000000000000e+02 1.344678215049931180e-02
7.360000000000000000e+02 1.872486475849528126e-02
7.380000000000000000e+02 1.931545757080221568e-02
7.400000000000000000e+02 1.533377598240356562e-02
7.420000000000000000e+02 8.526036463483587305e-03
7.440000000000000000e+02 1.474265614757078570e-03
7.460000000000000000e+02 -3.484461077724794811e-03
7.480000000000000000e+02 -5.174907589765278572e-03
7.500000000000000000e+02 -3.975660222081918611e-03
7.520000000000000000e+02 -1.548096204917565012e-03
7.540000000000000000e+02 -1.931413136970916314e-05
7.560000000000000000e+02 -9.406072019065798767e-04
7.580000000000000000e+02 -4.444261566182222331e-03
7.600000000000000000e+02 -8.979337875410480646e-03
7.620000000000000000e+02 -1.180570967128264682e-02
7.640000000000000000e+02 -1.011305044978431933e-02
7.660000000000000000e+02 -2.334432749056400674e-03
7.680000000000000000e+02 1.090627536686226626e-02
7.700000000000000000e+02 2.665842394203982862e-02
7.720000000000000000e+02 4.044960092634622417e-02
7.740000000000000000e+02 4.778355460149932843e-02
7.760000000000000000e+02 4.579336123611409820e-02
7.780000000000000000e+02 3.441761206148542807e-02
7.800000000000000000e+02 1.661155674026956394e-02
7.820000000000000000e+02 -2.545891654645600095e-03
7.840000000000000000e+02 -1.755643173028680407e-02
7.860000000000000000e+02 -2.438880629931512029e-02
7.880000000000000000e+02 -2.183042582478468899e-02
7.900000000000000000e+02 -1.179069583958658116e-02
7.920000000000000000e+02 1.549953927615495232e-03
7.940000000000000000e+02 1.340538613712496767e-02
7.960000000000000000e+02 2.020801566936359858e-02
7.980000000000000000e+02 2.087081633636660855e-02
8.000000000000000000e+02 1.698648649325521648e-02
8.020000000000000000e+02 1.189996452422084801e-02
8.040000000000000000e+02 9.069178777483597256e-03
8.060000000000000000e+02 1.043469190616788667e-02
8.080000000000000000e+02 1.550745136731353571e-02
8.100000000000000000e+02 2.156535244064547441e-02
8.120000000000000000e+02 2.487572035261874717e-02
8.140000000000000000e+02 2.243246881329925141e-02
8.160000000000000000e+02 1.347240858607357504e-02
8.180000000000000000e+02 9.656149890821627991e-05
8.200000000000000000e+02 -1.333604600304761495e-02
8.220000000000000000e+02 -2.186249251870833396e-02
8.240000000000000000e+02 -2.196322895327156716e-02
8.260000000000000000e+02 -1.313636757156321985e-02
8.280000000000000000e+02 1.695904226870356734e-03
8.300000000000000000e+02 1.716033118744372463e-02
8.320000000000000000e+02 2.742532023586279760e-02
8.340000000000000000e+02 2.844338408307803615e-02
8.360000000000000000e+02 1.957432059144235612e-02
8.380000000000000000e+02 3.946585248200134774e-03
8.400000000000000000e+02 -1.262228294199721837e-02
8.420000000000000000e+02 -2.377732976565598288e-02
8.440000000000000000e+02 -2.504311508963823207e-02
8.460000000000000000e+02 -1.556004695797534067e-02
8.480000000000000000e+02 1.555996457699565776e-03
8.500000000000000000e+02 2.037529230561241009e-02
8.520000000000000000e+02 3.437037350437068678e-02
8.540000000000000000e+02 3.881870912993692219e-02
8.560000000000000000e+02 3.248670418741501226e-02
8.580000000000000000e+02 1.799550463151202914e-02
8.600000000000000000e+02 7.717344714525673551e-04
8.620000000000000000e+02 -1.299924179663395490e-02
8.640000000000000000e+02 -1.864192962930752082e-02
8.660000000000000000e+02 -1.462917964153200891e-02
8.680000000000000000e+02 -2.987982312322199057e-03
8.700000000000000000e+02 1.163750890188104681e-02
8.720000000000000000e+02 2.384493963322715723e-02
8.740000000000000000e+02 2.949694523045312197e-02
8.760000000000000000e+02 2.713988839183109625e-02
8.780000000000000000e+02 1.833545131030985681e-02
8.800000000000000000e+02 6.859236498041362817e-03
8.820000000000000000e+02 -2.863847904512960719e-03
8.840000000000000000e+02 -7.459599208338588486e-03
8.860000000000000000e+02 -5.791130040093316056e-03
8.880000000000000000e+02 7.929926874377276865e-04
8.900000000000000000e+02 9.188486845405364686e-03
8.920000000000000000e+02 1.589468539177940273e-02
8.940000000000000000e+02 1.843130102746277921e-02
8.960000000000000000e+02 1.626158924860167734e-02
8.980000000000000000e+02 1.089880390892994377e-02
9.000000000000000000e+02 5.195649964562314670e-03
9.020000000000000000e+02 2.116555537172425030e-03
9.040000000000000000e+02 3.477850985786039816e-03
9.060000000000000000e+02 9.149852071909091514e-03
9.080000000000000000e+02 1.703506272293469834e-02
9.100000000000000000e+02 2.383061112834200870e-02
9.120000000000000000e+02 2.627721118917541315e-02
9.140000000000000000e+02 2.242023753307300499e-02
9.160000000000000000e+02 1.242132813570754994e-02
9.180000000000000000e+02 -1.367113309530744664e-03
9.200000000000000000e+02 -1.509581391147564629e-02
9.220000000000000000e+02 -2.465514112166914198e-02
9.240000000000000000e+02 -2.704114678938337665e-02
9.260000000000000000e+02 -2.138250794287262918e-02
9.280000000000000000e+02 -9.268974524943547968e-03
9.300000000000000000e+02 5.734297804076825267e-03
9.320000000000000000e+02 1.921850714345888292e-02
9.340000000000000000e+02 2.732746076773666377e-02
9.360000000000000000e+02 2.796070664243999193e-02
9.380000000000000000e+02 2.139525783297605704e-02
9.400000000000000000e+02 1.012311270009387185e-02
9.420000000000000000e+02 -2.043125606439179058e-03
9.440000000000000000e+02 -1.128909737028251613e-02
9.460000000000000000e+02 -1.507323574628465467e-02
9.480000000000000000e+02 -1.290025910419333871e-02
9.500000000000000000e+02 -6.329901311627275824e-03
9.520000000000000000e+02 1.750352579732645511e-03
9.540000000000000000e+02 8.292327585610938592e-03
9.560000000000000000e+02 1.125285471481691363e-02
9.580000000000000000e+02 1.032953079744249568e-02
9.600000000000000000e+02 6.992888755059042255e-03
9.620000000000000000e+02 3.794888338736275308e-03
9.640000000000000000e+02 3.214174256991808240e-03
9.660000000000000000e+02 6.503467063953443858e-03
9.680000000000000000e+02 1.303223006308551132e-02
9.700000000000000000e+02 2.043108070447862551e-02
9.720000000000000000e+02 2.551102525611820618e-02
9.740000000000000000e+02 2.559764535954874021e-02
9.760000000000000000e+02 1.973615864742133200e-02
9.780000000000000000e+02 9.262928278223218903e-03
9.800000000000000000e+02 -2.520437118450098626e-03
9.820000000000000000e+02 -1.148927485441764151e-02
9.840000000000000000e+02 -1.425027707168053173e-02
9.860000000000000000e+02 -9.520301023715392608e-03
9.880000000000000000e+02 1.227071227892912808e-03
9.900000000000000000e+02 1.415203971406557917e-02
9.920000000000000000e+02 2.438771130371133328e-02
9.940000000000000000e+02 2.785281216092853548e-02
9.960000000000000000e+02 2.284583545731168688e-02
9.980000000000000000e+02 1.078430217367488779e-02
1.000000000000000000e+03 -4.228954619992229477e-03
1.002000000000000000e+03 -1.687572560665008894e-02
1.004000000000000000e+03 -2.258535398757039250e-02
1.006000000000000000e+03 -1.925123074547758703e-02
1.008000000000000000e+03 -8.048855879212514150e-03
1.010000000000000000e+03 6.962196261102678897e-03
1.012000000000000000e+03 2.031427146572657022e-02
1.014000000000000000e+03 2.713853885488266143e-02
1.016000000000000000e+03 2.494909910590920391e-02
1.018000000000000000e+03 1.453147045187156219e-02
1.020000000000000000e+03 -3.943242866658703909e-04
1.022000000000000000e+03 -1.459433247927416528e-02
1.024000000000000000e+03 -2.327116603259296590e-02
1.026000000000000000e+03 -2.379935392684024570e-02
1.028000000000000000e+03 -1.659864697263839506e-02
1.030000000000000000e+03 -4.840643229919113638e-03
1.032000000000000000e+03 6.865318818302461844e-03
1.034000000000000000e+03 1.427531815001098839e-02
1.036000000000000000e+03 1.509764450481587868e-02
1.038000000000000000e+03 9.761270696108437228e-03
1.040000000000000000e+03 1.099495022203127170e-03
1.042000000000000000e+03 -6.888984451486915468e-03
1.044000000000000000e+03 -1.068929154429402659e-02
1.046000000000000000e+03 -8.678249854940003200e-03
1.048000000000000000e+03 -1.752914201599580944e-03
1.050000000000000000e+03 7.045735333676708678e-03
1.052000000000000000e+03 1.375087138395626220e-02
1.054000000000000000e+03 1.504783004010416467e-02
1.056000000000000000e+03 9.600160686418458475e-03
1.058000000000000000e+03 -1.381029413897644437e-03
1.060000000000000000e+03 -1.452952491935162113e-02
1.062000000000000000e+03 -2.551434002875936288e-02
1.064000000000000000e+03 -3.057389526395679763e-02
1.066000000000000000e+03 -2.783504781508194456e-02
1.068000000000000000e+03 -1.796075416928518895e-02
1.070000000000000000e+03 -3.923422875885624640e-03
1.072000000000000000e+03 9.994427855378339512e-03
1.074000000000000000e+03 1.961528206303528310e-02
1.076000000000000000e+03 2.221119403059572742e-02
1.078000000000000000e+03 1.732777715502930443e-02
1.080000000000000000e+03 6.829725822863247191e-03
1.082000000000000000e+03 -5.809565090216716951e-03
1.084000000000000000e+03 -1.669165778065201042e-02
1.086000000000000000e+03 -2.272875757194845608e-02
1.088000000000000000e+03 -2.253349501086375495e-02
1.090000000000000000e+03 -1.671571249024005751e-02
1.092000000000000000e+03 -7.542884965598722208e-03
1.094000000000000000e+03 1.889627380000842051e-03
1.096000000000000000e+03 8.697198590691941275e-03
1.098000000000000000e+03 1.111695698431705050e-02
1.100000000000000000e+03 8.999583604900359204e-03
1.102000000000000000e+03 3.734492068003226594e-03
1.104000000000000000e+03 -2.339063549750333964e-03
1.106000000000000000e+03 -6.805850625941026882e-03
1.108000000000000000e+03 -8.021946935189049749e-03
1.110000000000000000e+03 -5.656082853989354703e-03
1.112000000000000000e+03 -7.620687408193199197e-04
1.114000000000000000e+03 4.628099428736676471e-03
1.116000000000000000e+03 8.251838377677764985e-03
1.118000000000000000e+03 8.452813353832496282e-03
1.120000000000000000e+03 4.813555852124508719e-03
1.122000000000000000e+03 -1.652902146267614053e-03
1.124000000000000000e+03 -8.837857126681194359e-03
1.126000000000000000e+03 -1.428828129692480409e-02
1.128000000000000000e+03 -1.610424401587402798e-02
1.130000000000000000e+03 -1.365295670544946875e-02
1.132000000000000000e+03 -7.833960510260334908e-03
1.134000000000000000e+03 -7.900681932585691940e-04
1.136000000000000000e+03 4.842741133102517956e-03
1.138000000000000000e+03 6.884106248185941496e-03
1.140000000000000000e+03 4.414512465641660423e-03
1.142000000000000000e+03 -1.862933749929889665e-03
1.144000000000000000e+03 -9.848883780951290731e-03
1.146000000000000000e+03 -1.679190336514668064e-02
1.148000000000000000e+03 -2.028435459559168458e-02
1.150000000000000000e+03 -1.914307559539522863e-02
1.152000000000000000e+03 -1.384392744779522171e-02
1.154000000000000000e+03 -6.343333423925644199e-03
1.156000000000000000e+03 6.473959847481400645e-04
1.158000000000000000e+03 4.658267874568599622e-03
1.160000000000000000e+03 4.347648430206674068e-03
1.162000000000000000e+03 -5.155609178668716367e-05
1.164000000000000000e+03 -6.880960669262846732e-03
1.166000000000000000e+03 -1.372476342677205960e-02
1.168000000000000000e+03 -1.832909302416258282e-02
1.170000000000000000e+03 -1.942081308057750158e-02
1.172000000000000000e+03 -1.712111195275407838e-02
1.174000000000000000e+03 -1.280802800432904835e-02
1.176000000000000000e+03 -8.496996936812965459e-03
1.178000000000000000e+03 -5.999369849567402595e-03
1.180000000000000000e+03 -6.205327512978433234e-03
1.182000000000000000e+03 -8.777558061279401233e-03
1.184000000000000000e+03 -1.236077349960902280e-02
1.186000000000000000e+03 -1.519441134484980985e-02
1.188000000000000000e+03 -1.585965088856663638e-02
1.190000000000000000e+03 -1.385615465167652077e-02
1.192000000000000000e+03 -9.788039138567697361e-03
1.194000000000000000e+03 -5.098525424410177594e-03
1.196000000000000000e+03 -1.468551252675662526e-03
1.198000000000000000e+03 -1.263372610827305964e-04
1.200000000000000000e+03 -1.352064005181269086e-03
1.202000000000000000e+03 -4.381980303397168229e-03
1.204000000000000000e+03 -7.746408196204872428e-03
1.206000000000000000e+03 -9.891076452973483757e-03
1.208000000000000000e+03 -9.816983626638535812e-03
1.210000000000000000e+03 -7.478820236982068256e-03
1.212000000000000000e+03 -3.793130678373837598e-03
1.214000000000000000e+03 -2.674434319532344867e-04
1.216000000000000000e+03 1.595661485891749316e-03
1.218000000000000000e+03 8.881364714224466344e-04
1.220000000000000000e+03 -2.342944606021602708e-03
1.222000000000000000e+03 -7.097346308267899091e-03
1.224000000000000000e+03 -1.178158239951431797e-02
1.226000000000000000e+03 -1.478619773051348917e-02
1.228000000000000000e+03 -1.506018778506129814e-02
1.230000000000000000e+03 -1.247096824065087317e-02
1.232000000000000000e+03 -7.828480164002640102e-03
1.234000000000000000e+03 -2.582519412002947084e-03
1.236000000000000000e+03 1.680875847141982508e-03
1.238000000000000000e+03 3.757542455927347959e-03
1.240000000000000000e+03 3.182453057772061892e-03
1.242000000000000000e+03 3.206150606099520675e-04
1.244000000000000000e+03 -3.816718375752979273e-03
1.246000000000000000e+03 -7.949417450564242454e-03
1.248000000000000000e+03 -1.096299152417858774e-02
1.250000000000000000e+03 -1.225491443525639212e-02
1.252000000000000000e+03 -1.188389230399066084e-02
1.254000000000000000e+03 -1.048288638896583205e-02
1.256000000000000000e+03 -8.977775842880378679e-03
1.258000000000000000e+03 -8.218391946025050201e-03
1.260000000000000000e+03 -8.653799335274625984e-03
1.262000000000000000e+03 -1.016187109080673306e-02
1.264000000000000000e+03 -1.208705236066764076e-02
1.266000000000000000e+03 -1.347283125600020996e-02
1.268000000000000000e+03 -1.341637370138425503e-02
1.270000000000000000e+03 -1.143286847695372879e-02
1.272000000000000000e+03 -7.704243835702454662e-03
1.274000000000000000e+03 -3.110465538372690804e-03
1.276000000000000000e+03 9.944914677016589936e-04
1.278000000000000000e+03 3.209697802404275040e-03
1.280000000000000000e+03 2.581990448353861569e-03
1.282000000000000000e+03 -1.005900053196910312e-03
1.284000000000000000e+03 -6.703683342007148507e-03
1.286000000000000000e+03 -1.288816792754288350e-02
1.288000000000000000e+03 -1.764555545161631753e-02
1.290000000000000000e+03 -1.939946360365962796e-02
1.292000000000000000e+03 -1.747764192513120637e-02
1.294000000000000000e+03 -1.240978142853953019e-02
1.296000000000000000e+03 -5.823946944179177534e-03
1.298000000000000000e+03 5.575954164833353175e-05
1.300000000000000000e+03 3.157773469715612329e-03
1.302000000000000000e+03 2.300207448404541222e-03
1.304000000000000000e+03 -2.354198278397408046e-03
1.306000000000000000e+03 -9.305497762123965746e-03
1.308000000000000000e+03 -1.620295523475846766e-02
1.310000000000000000e+03 -2.065106843265805681e-02
1.312000000000000000e+03 -2.105351076432234597e-02
1.314000000000000000e+03 -1.719127754690694121e-02
1.316000000000000000e+03 -1.031982107996771113e-02
1.318000000000000000e+03 -2.739483399286354003e-03
1.320000000000000000e+03 3.015054592422775417e-03
1.322000000000000000e+03 5.076548418362914795e-03
1.324000000000000000e+03 2.907721701260928930e-03
1.326000000000000000e+03 -2.522375686809647660e-03
1.328000000000000000e+03 -9.114018920084537845e-03
1.330000000000000000e+03 -1.442064391458037359e-02
1.332000000000000000e+03 -1.654323806008643413e-02
1.334000000000000000e+03 -1.480128643644507483e-02
1.336000000000000000e+03 -9.938287092362307548e-03
1.338000000000000000e+03 -3.799301521222804220e-03
1.340000000000000000e+03 1.385963609243366949e-03
1.342000000000000000e+03 3.839797829607278102e-03
1.344000000000000000e+03 2.879858188417565735e-03
1.346000000000000000e+03 -8.669239371737011857e-04
1.348000000000000000e+03 -5.751423926897454922e-03
1.350000000000000000e+03 -9.769607902551975462e-03
1.352000000000000000e+03 -1.134441341671026462e-02
1.354000000000000000e+03 -9.918771532723394749e-03
1.356000000000000000e+03 -6.139793246584315627e-03
1.358000000000000000e+03 -1.580203649947133082e-03
1.360000000000000000e+03 1.879704988920222241e-03
1.362000000000000000e+03 2.767147313847502423e-03
1.364000000000000000e+03 5.636601666345090415e-04
1.366000000000000000e+03 -4.109205884930577056e-03
1.368000000000000000e+03 -9.722229647204462533e-03
1.370000000000000000e+03 -1.439448809856301928e-02
1.372000000000000000e+03 -1.656396533873864471e-02
1.374000000000000000e+03 -1.552788628059064736e-02
1.376000000000000000e+03 -1.166471681445692583e-02
1.378000000000000000e+03 -6.275168000269526827e-03
1.380000000000000000e+03 -1.119713787028472603e-03
1.382000000000000000e+03 2.171083239244512957e-03
1.384000000000000000e+03 2.610768553903742174e-03
1.386000000000000000e+03 1.362401581834129930e-04
1.388000000000000000e+03 -4.419725660028607506e-03
1.390000000000000000e+03 -9.633359358767364100e-03
1.392000000000000000e+03 -1.395793599937350700e-02
1.394000000000000000e+03 -1.619678767889714058e-02
1.396000000000000000e+03 -1.583374171768809485e-02
1.398000000000000000e+03 -1.313252186974500635e-02
1.400000000000000000e+03 -8.998667036315698836e-03
1.402000000000000000e+03 -4.670022711496328235e-03
1.404000000000000000e+03 -1.342515117364148419e-03
1.406000000000000000e+03 1.577516309816849257e-04
1.408000000000000000e+03 -4.302057064423954317e-04
1.410000000000000000e+03 -2.781893911475404393e-03
1.412000000000000000e+03 -6.132192368629345650e-03
1.414000000000000000e+03 -9.529516844634194211e-03
1.416000000000000000e+03 -1.211693700232201187e-02
1.418000000000000000e+03 -1.335775538251516778e-02
1.420000000000000000e+03 -1.314611411658499554e-02
1.422000000000000000e+03 -1.178022409909273809e-02
1.424000000000000000e+03 -9.816890088450377222e-03
1.426000000000000000e+03 -7.861827706638959204e-03
1.428000000000000000e+03 -6.370296995517879188e-03
1.430000000000000000e+03 -5.526987403530173384e-03
1.432000000000000000e+03 -5.241837456836521796e-03
1.434000000000000000e+03 -5.252210753110142169e-03
1.436000000000000000e+03 -5.281587866564742620e-03
1.438000000000000000e+03 -5.186275035507267005e-03
1.440000000000000000e+03 -5.029236643845206613e-03
1.442000000000000000e+03 -5.049385224450884946e-03
1.444000000000000000e+03 -5.536183136197469178e-03
1.446000000000000000e+03 -6.660782184741083183e-03
1.448000000000000000e+03 -8.339974772193033473e-03
1.450000000000000000e+03 -1.020258323048545135e-02
1.452000000000000000e+03 -1.168672917062469827e-02
1.454000000000000000e+03 -1.223783335361161573e-02
1.456000000000000000e+03 -1.152988041597375474e-02
1.458000000000000000e+03 -9.618664130629037828e-03
1.460000000000000000e+03 -6.959951961525548229e-03
1.462000000000000000e+03 -4.276468594628617462e-03
1.464000000000000000e+03 -2.316242110702112014e-03
1.466000000000000000e+03 -1.590607300804219382e-03
1.468000000000000000e+03 -2.194571372920799904e-03
1.470000000000000000e+03 -3.784855749144193891e-03
1.472000000000000000e+03 -5.728028142087292912e-03
1.474000000000000000e+03 -7.358786792021231558e-03
1.476000000000000000e+03 -8.240968892719463881e-03
1.478000000000000000e+03 -8.323642817181465745e-03
1.480000000000000000e+03 -7.930123678518846003e-03
1.482000000000000000e+03 -7.587429500186331291e-03
1.484000000000000000e+03 -7.769247590965910714e-03
1.486000000000000000e+03 -8.662445313084750353e-03
1.488000000000000000e+03 -1.006056007847285112e-02
1.490000000000000000e+03 -1.143680459147745042e-02
1.492000000000000000e+03 -1.217157121206868288e-02
1.494000000000000000e+03 -1.183839713473532063e-02
1.496000000000000000e+03 -1.042197790024560269e-02
1.498000000000000000e+03 -8.367895047249836182e-03
1.500000000000000000e+03 -6.434464172677285647e-03
1.502000000000000000e+03 -5.400599374198688379e-03
1.504000000000000000e+03 -5.745002575140920921e-03
1.506000000000000000e+03 -7.427960776488413443e-03
1.508000000000000000e+03 -9.871484143112816551e-03
1.510000000000000000e+03 -1.215799865080051043e-02
1.512000000000000000e+03 -1.337933107807693853e-02
1.514000000000000000e+03 -1.300175258207163405e-02
1.516000000000000000e+03 -1.109943891842181049e-02
1.518000000000000000e+03 -8.356883612650491816e-03
1.520000000000000000e+03 -5.831661383281178633e-03
1.522000000000000000e+03 -4.564017089090756547e-03
1.524000000000000000e+03 -5.179939379859574075e-03
1.526000000000000000e+03 -7.637374980844339502e-03
1.528000000000000000e+03 -1.121245111449002338e-02
1.530000000000000000e+03 -1.473501288888421495e-02
1.532000000000000000e+03 -1.699179176745220510e-02
1.534000000000000000e+03 -1.715325356819587602e-02
1.536000000000000000e+03 -1.507015307856685721e-02
1.538000000000000000e+03 -1.133341098372163402e-02
1.540000000000000000e+03 -7.078417679081033635e-03
1.542000000000000000e+03 -3.607417516537979839e-03
1.544000000000000000e+03 -1.965138192612280246e-03
1.546000000000000000e+03 -2.612315328565360285e-03
1.548000000000000000e+03 -5.300535195329820343e-03
1.550000000000000000e+03 -9.179246938326382152e-03
1.552000000000000000e+03 -1.308867927740331449e-02
1.554000000000000000e+03 -1.593499935942783996e-02
1.556000000000000000e+03 -1.702277352505083066e-02
1.558000000000000000e+03 -1.624027623863184833e-02
1.560000000000000000e+03 -1.404762016226716870e-02
1.562000000000000000e+03 -1.128579614262321430e-02
1.564000000000000000e+03 -8.881535095221741380e-03
1.566000000000000000e+03 -7.549623302203988494e-03
1.568000000000000000e+03 -7.585528026816202272e-03
1.570000000000000000e+03 -8.804790701501589295e-03
1.572000000000000000e+03 -1.063680861645812173e-02
1.574000000000000000e+03 -1.233465658534163047e-02
1.576000000000000000e+03 -1.323088549692758194e-02
1.578000000000000000e+03 -1.295866445303282474e-02
1.580000000000000000e+03 -1.157026339520720454e-02
1.582000000000000000e+03 -9.517157044662804752e-03
1.584000000000000000e+03 -7.499042008799604309e-03
1.586000000000000000e+03 -6.230360704852480093e-03
1.588000000000000000e+03 -6.199677341596160872e-03
1.590000000000000000e+03 -7.500344512887334968e-03
1.592000000000000000e+03 -9.788926433140492100e-03
1.594000000000000000e+03 -1.238765822080153955e-02
1.596000000000000000e+03 -1.450101955200001902e-02
1.598000000000000000e+03 -1.547827087748775837e-02
1.600000000000000000e+03 -1.503574844286968346e-02
1.602000000000000000e+03 -1.336187117513719901e-02
1.604000000000000000e+03 -1.106361739582290178e-02
1.606000000000000000e+03 -8.966238695572977327e-03
1.608000000000000000e+03 -7.830832066136720476e-03
1.610000000000000000e+03 -8.087097793970295448e-03
1.612000000000000000e+03 -9.677165917832356717e-03
1.614000000000000000e+03 -1.206937307162221987e-02
1.616000000000000000e+03 -1.444064878583455232e-02
1.618000000000000000e+03 -1.596471160288671920e-02
1.620000000000000000e+03 -1.610377657359948755e-02
1.622000000000000000e+03 -1.479900417749691922e-02
1.624000000000000000e+03 -1.249072371509529072e-02
1.626000000000000000e+03 -9.960781431456525170e-03
1.628000000000000000e+03 -8.054094373860093414e-03
1.630000000000000000e+03 -7.380825704080950372e-03
1.632000000000000000e+03 -8.107644287727410262e-03
1.634000000000000000e+03 -9.913031358477980906e-03
1.636000000000000000e+03 -1.211977491739042734e-02
1.638000000000000000e+03 -1.395136342804982436e-02
1.640000000000000000e+03 -1.481387771535920377e-02
1.642000000000000000e+03 -1.449837807580736312e-02
1.644000000000000000e+03 -1.323234119106374805e-02
1.646000000000000000e+03 -1.156838066053174179e-02
1.648000000000000000e+03 -1.016037621736536750e-02
1.650000000000000000e+03 -9.517169244301728823e-03
1.652000000000000000e+03 -9.827551885359397249e-03
1.654000000000000000e+03 -1.091747632121513323e-02
1.656000000000000000e+03 -1.234560698027141815e-02
1.658000000000000000e+03 -1.358950272340943115e-02
1.660000000000000000e+03 -1.424356662855188853e-02
1.662000000000000000e+03 -1.415234305566356009e-02
1.664000000000000000e+03 -1.343507695571997257e-02
1.666000000000000000e+03 -1.240435908770838418e-02
1.668000000000000000e+03 -1.142320811352650657e-02
1.670000000000000000e+03 -1.076462048843720293e-02
1.672000000000000000e+03 -1.052933538229394728e-02
1.674000000000000000e+03 -1.064746039881166520e-02
1.676000000000000000e+03 -1.095183316247339521e-02
1.678000000000000000e+03 -1.128138142288308624e-02
1.680000000000000000e+03 -1.156308969110858911e-02
1.682000000000000000e+03 -1.183473931503713043e-02
1.684000000000000000e+03 -1.220079460157670777e-02
1.686000000000000000e+03 -1.274691436440040203e-02
1.688000000000000000e+03 -1.345916689832963795e-02
1.690000000000000000e+03 -1.419199206257810118e-02
1.692000000000000000e+03 -1.470503882160535680e-02
1.694000000000000000e+03 -1.475537481403856391e-02
1.696000000000000000e+03 -1.420508007517789356e-02
1.698000000000000000e+03 -1.309680063983820197e-02
1.700000000000000000e+03 -1.166313595157801239e-02
1.702000000000000000e+03 -1.026245362455709478e-02
1.704000000000000000e+03 -9.262642593999529869e-03
1.706000000000000000e+03 -8.915091887268935394e-03
1.708000000000000000e+03 -9.266664069845657881e-03
1.710000000000000000e+03 -1.014468316798263284e-02
1.712000000000000000e+03 -1.122212387751438112e-02
1.714000000000000000e+03 -1.213785988989817335e-02
1.716000000000000000e+03 -1.262470492339628006e-02
1.718000000000000000e+03 -1.259660861232692747e-02
1.720000000000000000e+03 -1.216525774077437290e-02
1.722000000000000000e+03 -1.158493186267227359e-02
1.724000000000000000e+03 -1.114985690448532657e-02
1.726000000000000000e+03 -1.108225536001926533e-02
1.728000000000000000e+03 -1.144987807001750756e-02
1.730000000000000000e+03 -1.214081433834269218e-02
1.732000000000000000e+03 -1.290391804554343741e-02
1.734000000000000000e+03 -1.344021245845703448e-02
1.736000000000000000e+03 -1.351198908655830769e-02
1.738000000000000000e+03 -1.303025340437301456e-02
1.740000000000000000e+03 -1.209069558541827662e-02
1.742000000000000000e+03 -1.094814467667599815e-02
1.744000000000000000e+03 -9.939854442389740863e-03
1.746000000000000000e+03 -9.381993084528616675e-03
1.748000000000000000e+03 -9.469749131211450954e-03
1.750000000000000000e+03 -1.021054434535784670e-02
1.752000000000000000e+03 -1.141216991607887747e-02
1.754000000000000000e+03 -1.273293065712319087e-02
1.756000000000000000e+03 -1.378153041604445773e-02
1.758000000000000000e+03 -1.423700337800020040e-02
1.760000000000000000e+03 -1.395095560356905511e-02
1.762000000000000000e+03 -1.299909075263876515e-02
1.764000000000000000e+03 -1.166409827954133227e-02
1.766000000000000000e+03 -1.035226476602246412e-02
1.768000000000000000e+03 -9.466526680574719257e-03
1.770000000000000000e+03 -9.274311352756355736e-03
1.772000000000000000e+03 -9.814180229029472943e-03
1.774000000000000000e+03 -1.087655196108276365e-02
1.776000000000000000e+03 -1.207052700238446172e-02
1.778000000000000000e+03 -1.295805667700183211e-02
1.780000000000000000e+03 -1.321041194514736318e-02
1.782000000000000000e+03 -1.273106907395044063e-02
1.784000000000000000e+03 -1.169857945556542628e-02
1.786000000000000000e+03 -1.051005115160046598e-02
1.788000000000000000e+03 -9.641564845411213294e-03
1.790000000000000000e+03 -9.473483311337344351e-03
1.792000000000000000e+03 -1.014397454604484654e-02
1.794000000000000000e+03 -1.148628717211050941e-02
1.796000000000000000e+03 -1.307610298632605819e-02
1.798000000000000000e+03 -1.437502857798363468e-02
1.800000000000000000e+03 -1.492020949414924955e-02
1.802000000000000000e+03 -1.449179955531035985e-02
1.804000000000000000e+03 -1.319643210464241725e-02
1.806000000000000000e+03 -1.143423708916175945e-02
1.808000000000000000e+03 -9.759719581428977914e-03
1.810000000000000000e+03 -8.687303455369107391e-03
1.812000000000000000e+03 -8.513816477891391829e-03
1.814000000000000000e+03 -9.223035713401444777e-03
1.816000000000000000e+03 -1.050485233246310941e-02
1.818000000000000000e+03 -1.187786177732159769e-02
1.820000000000000000e+03 -1.286681964535683030e-02
1.822000000000000000e+03 -1.316866706420186973e-02
1.824000000000000000e+03 -1.274764603082360545e-02
1.826000000000000000e+03 -1.182805292221296434e-02
1.828000000000000000e+03 -1.079237965778502388e-02
1.830000000000000000e+03 -1.002832558239232993e-02
1.832000000000000000e+03 -9.785858181100332356e-03
1.834000000000000000e+03 -1.009778355317612550e-02
1.836000000000000000e+03 -1.078853820813034832e-02
1.838000000000000000e+03 -1.155988150155937144e-02
1.840000000000000000e+03 -1.211417687864270454e-02
1.842000000000000000e+03 -1.226558396363574242e-02
1.844000000000000000e+03 -1.199833601348707958e-02
1.846000000000000000e+03 -1.145457866172983584e-02
1.848000000000000000e+03 -1.086291264812026293e-02
1.850000000000000000e+03 -1.044148175765915315e-02
1.852000000000000000e+03 -1.031673814161517683e-02
1.854000000000000000e+03 -1.048836156742604005e-02
1.856000000000000000e+03 -1.084832445194046369e-02
1.858000000000000000e+03 -1.123903984316784732e-02
1.860000000000000000e+03 -1.152187769820455822e-02
1.862000000000000000e+03 -1.162712502595607787e-02
1.864000000000000000e+03 -1.156763380250496777e-02
1.866000000000000000e+03 -1.141536266458536772e-02
1.868000000000000000e+03 -1.125590596793349038e-02
1.870000000000000000e+03 -1.114440486356603130e-02
1.872000000000000000e+03 -1.108326783591130106e-02
1.874000000000000000e+03 -1.102974308172998026e-02
1.876000000000000000e+03 -1.092646567126841391e-02
1.878000000000000000e+03 -1.073816751881672554e-02
1.880000000000000000e+03 -1.047657224297069561e-02
1.882000000000000000e+03 -1.020211099459017098e-02
1.884000000000000000e+03 -1.000171795829563753e-02
1.886000000000000000e+03 -9.952369591000551421e-03
1.888000000000000000e+03 -1.008647668350398825e-02
1.890000000000000000e+03 -1.037489266782770300e-02
1.892000000000000000e+03 -1.073552783986630836e-02
1.894000000000000000e+03 -1.106357633225800267e-02
1.896000000000000000e+03 -1.126957106836292029e-02
1.898000000000000000e+03 -1.130928011752331715e-02
1.900000000000000000e+03 -1.119508275464805268e-02
1.902000000000000000e+03 -1.098730723520231940e-02
1.904000000000000000e+03 -1.077102831679186551e-02
1.906000000000000000e+03 -1.062706534136824248e-02
1.908000000000000000e+03 -1.060631993888484260e-02
1.910000000000000000e+03 -1.071529309471298472e-02
1.912000000000000000e+03 -1.091725829154853791e-02
1.914000000000000000e+03 -1.114781403736141499e-02
1.916000000000000000e+03 -1.133770345385901913e-02
1.918000000000000000e+03 -1.143382867649049388e-02
1.920000000000000000e+03 -1.141253701327462483e-02
1.922000000000000000e+03 -1.128412863854320880e-02
1.924000000000000000e+03 -1.108981303647598934e-02
1.926000000000000000e+03 -1.089155992908634289e-02
1.928000000000000000e+03 -1.075489155714812357e-02
1.930000000000000000e+03 -1.072732044762454706e-02
1.932000000000000000e+03 -1.081917585855389670e-02
1.934000000000000000e+03 -1.099493848785725557e-02
1.936000000000000000e+03 -1.118010135246193769e-02
1.938000000000000000e+03 -1.128301119890757175e-02
1.940000000000000000e+03 -1.122620777804048120e-02
1.942000000000000000e+03 -1.097845924347509022e-02
1.944000000000000000e+03 -1.057657802603484062e-02
1.946000000000000000e+03 -1.012619291778700178e-02
1.948000000000000000e+03 -9.775576620677423750e-03
1.950000000000000000e+03 -9.667042375093122183e-03
1.952000000000000000e+03 -9.881956289635927121e-03
1.954000000000000000e+03 -1.040101032794222939e-02
1.956000000000000000e+03 -1.109723990184461120e-02
1.958000000000000000e+03 -1.176760501819307594e-02
1.960000000000000000e+03 -1.219525576107260804e-02
1.962000000000000000e+03 -1.222332035650878536e-02
1.964000000000000000e+03 -1.181494888010436485e-02
1.966000000000000000e+03 -1.107590191439404050e-02
1.968000000000000000e+03 -1.022698800366823348e-02
1.970000000000000000e+03 -9.532383394519580375e-03
1.972000000000000000e+03 -9.208914669232985337e-03
1.974000000000000000e+03 -9.350719803561391430e-03
1.976000000000000000e+03 -9.897787874564068639e-03
1.978000000000000000e+03 -1.065906402518916433e-02
1.980000000000000000e+03 -1.138036293923466204e-02
1.982000000000000000e+03 -1.183246460426401296e-02
1.984000000000000000e+03 -1.188892833631143356e-02
1.986000000000000000e+03 -1.156664125471295115e-02
1.988000000000000000e+03 -1.101431091952410381e-02
1.990000000000000000e+03 -1.045281473816788570e-02
1.992000000000000000e+03 -1.009043273084169433e-02
1.994000000000000000e+03 -1.004646788927727845e-02
1.996000000000000000e+03 -1.031246197771077712e-02
1.998000000000000000e+03 -1.076324859066205529e-02
