# r_A g_mean g_min g_max
2.000000000000000042e-02 0.000000000000000000e+00 0.000000000000000000e+00 0.000000000000000000e+00
5.999999999999999778e-02 0.000000000000000000e+00 0.000000000000000000e+00 0.000000000000000000e+00
1.000000000000000056e-01 0.000000000000000000e+00 0.000000000000000000e+00 0.000000000000000000e+00
1.400000000000000133e-01 0.000000000000000000e+00 0.000000000000000000e+00 0.000000000000000000e+00
1.799999999999999933e-01 0.000000000000000000e+00 0.000000000000000000e+00 0.000000000000000000e+00
2.200000000000000011e-01 0.000000000000000000e+00 0.000000000000000000e+00 0.000000000000000000e+00
2.600000000000000089e-01 0.000000000000000000e+00 0.000000000000000000e+00 0.000000000000000000e+00
3.000000000000000444e-01 0.000000000000000000e+00 0.000000000000000000e+00 0.000000000000000000e+00
3.399999999999999689e-01 0.000000000000000000e+00 0.000000000000000000e+00 0.000000000000000000e+00
3.800000000000000044e-01 0.000000000000000000e+00 0.000000000000000000e+00 0.000000000000000000e+00
4.200000000000000400e-01 0.000000000000000000e+00 0.000000000000000000e+00 0.000000000000000000e+00
4.599999999999999645e-01 0.000000000000000000e+00 0.000000000000000000e+00 0.000000000000000000e+00
5.000000000000000000e-01 0.000000000000000000e+00 0.000000000000000000e+00 0.000000000000000000e+00
5.400000000000000355e-01 0.000000000000000000e+00 0.000000000000000000e+00 0.000000000000000000e+00
5.800000000000000711e-01 0.000000000000000000e+00 0.000000000000000000e+00 0.000000000000000000e+00
6.199999999999999956e-01 0.000000000000000000e+00 0.000000000000000000e+00 0.000000000000000000e+00
6.600000000000000311e-01 0.000000000000000000e+00 0.000000000000000000e+00 0.000000000000000000e+00
6.999999999999999556e-01 0.000000000000000000e+00 0.000000000000000000e+00 0.000000000000000000e+00
7.399999999999999911e-01 0.000000000000000000e+00 0.000000000000000000e+00 0.000000000000000000e+00
7.800000000000000266e-01 0.000000000000000000e+00 0.000000000000000000e+00 0.000000000000000000e+00
8.200000000000000622e-01 0.000000000000000000e+00 0.000000000000000000e+00 0.000000000000000000e+00
8.599999999999999867e-01 0.000000000000000000e+00 0.000000000000000000e+00 0.000000000000000000e+00
9.000000000000000222e-01 0.000000000000000000e+00 0.000000000000000000e+00 0.000000000000000000e+00
9.399999999999999467e-01 0.000000000000000000e+00 0.000000000000000000e+00 0.000000000000000000e+00
9.799999999999999822e-01 0.000000000000000000e+00 0.000000000000000000e+00 0.000000000000000000e+00
1.020000000000000018e+00 0.000000000000000000e+00 0.000000000000000000e+00 0.000000000000000000e+00
1.060000000000000053e+00 0.000000000000000000e+00 0.000000000000000000e+00 0.000000000000000000e+00
1.100000000000000089e+00 0.000000000000000000e+00 0.000000000000000000e+00 0.000000000000000000e+00
1.140000000000000124e+00 1.104166666666666925e-03 4.861111111111110971e-04 2.500000000000000052e-03
1.179999999999999938e+00 1.613125000000000253e-01 1.527777777777777901e-01 1.747916666666666785e-01
1.219999999999999973e+00 8.999097222222222081e-01 8.682638888888888351e-01 9.161111111111110983e-01
1.260000000000000009e+00 3.368749999999999800e-01 3.240277777777778034e-01 3.521527777777777590e-01
1.300000000000000044e+00 2.021458333333333302e-01 1.954861111111111105e-01 2.084027777777777701e-01
1.340000000000000080e+00 6.825833333333333197e-01 6.737499999999999600e-01 6.957638888888888484e-01
1.380000000000000115e+00 8.145277777777778505e-01 7.954166666666666607e-01 8.337499999999999911e-01
1.419999999999999929e+00 3.351666666666667238e-01 3.258333333333333082e-01 3.427083333333333370e-01
1.459999999999999964e+00 3.768749999999999878e-02 3.319444444444444309e-02 4.208333333333333370e-02
1.500000000000000000e+00 9.097222222222220303e-04 4.861111111111110971e-04 1.527777777777777858e-03
1.540000000000000036e+00 0.000000000000000000e+00 0.000000000000000000e+00 0.000000000000000000e+00
1.580000000000000071e+00 0.000000000000000000e+00 0.000000000000000000e+00 0.000000000000000000e+00
1.620000000000000107e+00 0.000000000000000000e+00 0.000000000000000000e+00 0.000000000000000000e+00
1.660000000000000142e+00 0.000000000000000000e+00 0.000000000000000000e+00 0.000000000000000000e+00
1.699999999999999956e+00 0.000000000000000000e+00 0.000000000000000000e+00 0.000000000000000000e+00
1.739999999999999991e+00 0.000000000000000000e+00 0.000000000000000000e+00 0.000000000000000000e+00
1.780000000000000027e+00 0.000000000000000000e+00 0.000000000000000000e+00 0.000000000000000000e+00
1.820000000000000062e+00 0.000000000000000000e+00 0.000000000000000000e+00 0.000000000000000000e+00
1.860000000000000098e+00 0.000000000000000000e+00 0.000000000000000000e+00 0.000000000000000000e+00
1.899999999999999911e+00 0.000000000000000000e+00 0.000000000000000000e+00 0.000000000000000000e+00
1.939999999999999947e+00 0.000000000000000000e+00 0.000000000000000000e+00 0.000000000000000000e+00
1.979999999999999982e+00 0.000000000000000000e+00 0.000000000000000000e+00 0.000000000000000000e+00
2.020000000000000018e+00 0.000000000000000000e+00 0.000000000000000000e+00 0.000000000000000000e+00
2.060000000000000053e+00 0.000000000000000000e+00 0.000000000000000000e+00 0.000000000000000000e+00
2.100000000000000089e+00 0.000000000000000000e+00 0.000000000000000000e+00 0.000000000000000000e+00
2.140000000000000124e+00 5.555555555555555822e-05 0.000000000000000000e+00 1.388888888888888888e-04
2.180000000000000160e+00 8.888888888888887146e-04 4.861111111111110971e-04 1.458333333333333400e-03
2.220000000000000195e+00 1.016666666666666760e-02 8.194444444444445169e-03 1.208333333333333308e-02
2.260000000000000231e+00 5.834027777777778256e-02 4.805555555555555275e-02 7.347222222222221655e-02
2.299999999999999822e+00 2.104722222222222272e-01 1.947916666666666685e-01 2.554166666666666807e-01
2.339999999999999858e+00 4.864791666666666292e-01 4.623611111111111116e-01 5.446527777777777635e-01
2.379999999999999893e+00 7.791249999999999565e-01 7.406944444444444331e-01 8.053472222222222143e-01
2.419999999999999929e+00 9.139513888888888271e-01 7.938194444444444109e-01 9.540277777777778079e-01
2.459999999999999964e+00 8.317777777777777271e-01 7.515277777777777946e-01 8.645138888888889150e-01
2.500000000000000000e+00 5.532083333333333020e-01 5.401388888888888351e-01 5.717361111111111116e-01
2.540000000000000036e+00 2.459513888888888999e-01 2.208333333333333259e-01 2.992361111111110916e-01
2.580000000000000071e+00 9.037499999999999700e-02 7.611111111111111549e-02 1.259722222222222354e-01
2.620000000000000107e+00 7.217361111111111893e-02 6.631944444444444475e-02 7.729166666666666130e-02
2.660000000000000142e+00 1.177847222222222073e-01 1.139583333333333282e-01 1.206249999999999961e-01
2.700000000000000178e+00 1.601736111111111138e-01 1.556944444444444409e-01 1.747916666666666785e-01
2.740000000000000213e+00 1.841388888888889075e-01 1.725694444444444420e-01 2.195138888888888973e-01
2.780000000000000249e+00 2.007291666666666252e-01 1.872916666666666619e-01 2.409722222222222265e-01
2.820000000000000284e+00 2.313124999999999765e-01 2.131250000000000089e-01 2.637499999999999845e-01
2.859999999999999876e+00 2.944444444444445086e-01 2.810416666666666896e-01 3.030555555555555780e-01
2.899999999999999911e+00 3.757916666666666350e-01 3.077083333333333059e-01 4.020833333333333481e-01
2.939999999999999947e+00 4.371527777777777790e-01 3.634027777777777968e-01 4.609722222222222276e-01
2.979999999999999982e+00 4.258680555555556246e-01 3.661805555555555647e-01 4.484027777777777612e-01
3.020000000000000018e+00 3.421944444444443567e-01 3.318055555555555758e-01 3.546527777777777612e-01
3.060000000000000053e+00 2.396388888888889013e-01 2.261111111111111238e-01 2.717361111111111227e-01
3.100000000000000089e+00 1.652361111111110836e-01 1.533333333333333215e-01 1.926388888888888873e-01
3.140000000000000124e+00 1.296041666666666869e-01 1.229861111111111155e-01 1.427083333333333259e-01
3.180000000000000160e+00 1.179652777777777661e-01 1.125694444444444442e-01 1.225694444444444392e-01
3.220000000000000195e+00 1.178402777777778077e-01 1.086111111111111166e-01 1.229861111111111155e-01
3.260000000000000231e+00 1.197916666666666713e-01 1.054861111111111138e-01 1.300000000000000044e-01
3.300000000000000266e+00 1.218333333333333074e-01 1.050694444444444375e-01 1.308333333333333293e-01
3.339999999999999858e+00 1.256527777777777799e-01 1.093055555555555586e-01 1.372222222222222177e-01
3.379999999999999893e+00 1.274444444444444158e-01 1.117361111111111055e-01 1.381944444444444531e-01
3.419999999999999929e+00 1.283124999999999960e-01 1.094444444444444414e-01 1.345833333333333326e-01
3.459999999999999964e+00 1.319166666666666821e-01 1.124305555555555614e-01 1.395138888888888817e-01
3.500000000000000000e+00 1.498472222222222427e-01 1.265972222222222221e-01 1.591666666666666785e-01
3.540000000000000036e+00 1.928472222222222254e-01 1.602083333333333415e-01 2.064583333333333270e-01
3.580000000000000071e+00 2.869513888888889364e-01 2.500694444444444553e-01 3.027777777777777568e-01
3.620000000000000107e+00 4.308750000000000080e-01 4.212500000000000133e-01 4.424305555555555491e-01
3.660000000000000142e+00 5.910833333333334050e-01 5.741666666666667140e-01 6.315277777777777990e-01
3.700000000000000178e+00 6.947361111111109988e-01 6.696527777777777635e-01 7.486111111111111160e-01
3.740000000000000213e+00 6.514861111111110992e-01 6.368055555555555136e-01 6.686111111111111560e-01
3.780000000000000249e+00 4.542222222222222494e-01 4.377083333333333104e-01 4.733333333333333282e-01
3.820000000000000284e+00 2.516041666666666843e-01 2.306249999999999967e-01 2.642361111111111160e-01
3.859999999999999876e+00 1.314722222222222126e-01 1.243055555555555580e-01 1.347916666666666707e-01
3.899999999999999911e+00 8.865277777777778867e-02 8.354166666666666685e-02 9.500000000000000111e-02
3.939999999999999947e+00 7.756250000000000644e-02 7.354166666666667185e-02 8.250000000000000389e-02
3.979999999999999982e+00 7.907638888888889050e-02 7.173611111111111160e-02 9.423611111111111771e-02
4.019999999999999574e+00 8.242361111111110028e-02 7.319444444444445086e-02 9.791666666666666574e-02
4.060000000000000497e+00 9.488194444444444930e-02 8.618055555555555192e-02 1.145833333333333287e-01
4.099999999999999645e+00 1.399236111111111236e-01 1.246527777777777790e-01 1.763194444444444453e-01
4.140000000000000568e+00 2.396597222222222323e-01 2.190277777777777657e-01 2.833333333333333259e-01
4.179999999999999716e+00 3.761111111111111738e-01 3.566666666666666874e-01 4.152777777777778012e-01
4.220000000000000639e+00 4.505486111111111081e-01 4.348611111111110872e-01 4.647222222222222032e-01
4.259999999999999787e+00 4.328819444444444997e-01 4.065972222222222210e-01 4.499305555555555558e-01
4.300000000000000711e+00 3.939999999999999614e-01 3.161805555555555758e-01 4.161111111111110983e-01
4.339999999999999858e+00 3.663819444444443851e-01 2.901388888888888906e-01 3.916666666666666630e-01
4.380000000000000782e+00 3.287013888888888902e-01 2.822222222222222077e-01 3.464583333333333126e-01
4.419999999999999929e+00 2.630486111111111081e-01 2.567361111111111094e-01 2.706944444444444597e-01
4.460000000000000853e+00 2.029513888888889173e-01 1.900000000000000022e-01 2.391666666666666663e-01
4.500000000000000000e+00 1.592361111111111338e-01 1.443055555555555480e-01 2.020138888888888817e-01
4.540000000000000924e+00 1.328958333333333242e-01 1.211805555555555552e-01 1.604861111111111072e-01
4.580000000000000071e+00 1.237916666666666610e-01 1.148611111111111083e-01 1.409722222222222210e-01
4.620000000000000107e+00 1.227083333333333359e-01 1.160416666666666680e-01 1.296527777777777835e-01
4.660000000000000142e+00 1.324444444444444480e-01 1.262500000000000011e-01 1.447916666666666796e-01
4.699999999999999289e+00 1.556805555555555720e-01 1.467361111111111227e-01 1.751388888888888995e-01
4.740000000000000213e+00 2.075347222222222732e-01 1.939583333333333437e-01 2.416666666666666685e-01
4.779999999999999361e+00 2.912013888888889124e-01 2.769444444444444375e-01 3.220138888888888773e-01
4.820000000000000284e+00 3.728263888888888600e-01 3.474305555555555758e-01 3.818750000000000200e-01
4.859999999999999432e+00 4.079374999999999529e-01 3.413194444444444531e-01 4.335416666666666585e-01
4.900000000000000355e+00 3.836805555555555802e-01 3.460416666666666918e-01 4.007638888888888640e-01
4.939999999999999503e+00 3.226249999999999396e-01 3.081944444444444375e-01 3.513888888888888618e-01
4.980000000000000426e+00 2.680347222222222436e-01 2.445833333333333470e-01 3.514583333333333171e-01
5.019999999999999574e+00 2.595277777777777461e-01 2.365972222222222088e-01 3.301388888888888706e-01
5.060000000000000497e+00 2.960000000000000409e-01 2.906944444444444220e-01 3.061111111111111116e-01
5.099999999999999645e+00 3.357152777777777652e-01 2.445138888888888917e-01 3.673611111111111382e-01
5.140000000000000568e+00 3.249791666666666523e-01 2.276388888888888906e-01 3.595833333333333104e-01
5.179999999999999716e+00 2.587916666666666421e-01 2.119444444444444353e-01 2.767361111111111271e-01
5.220000000000000639e+00 1.664652777777777815e-01 1.545138888888888951e-01 1.949305555555555514e-01
5.259999999999999787e+00 9.417361111111111072e-02 7.499999999999999722e-02 1.491666666666666696e-01
5.300000000000000711e+00 5.425694444444444098e-02 3.972222222222222127e-02 9.562500000000000167e-02
5.339999999999999858e+00 3.618749999999999745e-02 2.888888888888888756e-02 5.951388888888888701e-02
5.380000000000000782e+00 2.958333333333333301e-02 2.729166666666666546e-02 3.506944444444444475e-02
5.419999999999999929e+00 2.890277777777778417e-02 2.638888888888888881e-02 3.229166666666666990e-02
5.460000000000000853e+00 2.963194444444444686e-02 2.520833333333333259e-02 3.333333333333333287e-02
5.500000000000000000e+00 3.006250000000000241e-02 2.458333333333333204e-02 3.486111111111111355e-02
5.540000000000000924e+00 3.076388888888888576e-02 2.784722222222222113e-02 3.277777777777778068e-02
5.580000000000000071e+00 3.256250000000000117e-02 2.986111111111111258e-02 3.527777777777777596e-02
5.620000000000000107e+00 3.235416666666666996e-02 2.854166666666666657e-02 3.548611111111111410e-02
5.660000000000000142e+00 3.293055555555556013e-02 2.854166666666666657e-02 3.541666666666666574e-02
5.699999999999999289e+00 3.260416666666666324e-02 3.034722222222222335e-02 3.493055555555555497e-02
5.740000000000000213e+00 3.372916666666666424e-02 3.097222222222222390e-02 3.743055555555555719e-02
5.779999999999999361e+00 3.246527777777777346e-02 2.902777777777777735e-02 3.659722222222222543e-02
5.820000000000000284e+00 3.067361111111110983e-02 2.868055555555555636e-02 3.465277777777777540e-02
5.859999999999999432e+00 2.959027777777777785e-02 2.597222222222222293e-02 3.250000000000000111e-02
5.900000000000000355e+00 2.741666666666666557e-02 2.326388888888888951e-02 3.201388888888889034e-02
5.939999999999999503e+00 2.635416666666666810e-02 2.375000000000000028e-02 3.138888888888888978e-02
5.980000000000000426e+00 2.439583333333333187e-02 2.208333333333333329e-02 2.833333333333333190e-02
6.019999999999999574e+00 2.209722222222222296e-02 1.951388888888888964e-02 2.645833333333333370e-02
6.060000000000000497e+00 2.015277777777777987e-02 1.812499999999999875e-02 2.375000000000000028e-02
6.099999999999999645e+00 1.717361111111111172e-02 1.388888888888888812e-02 2.083333333333333218e-02
6.140000000000000568e+00 1.627083333333333506e-02 1.423611111111111084e-02 2.000000000000000042e-02
6.179999999999999716e+00 1.344444444444444289e-02 1.201388888888888819e-02 1.604166666666666588e-02
6.220000000000000639e+00 1.161805555555555855e-02 9.236111111111111605e-03 1.388888888888888812e-02
6.259999999999999787e+00 9.222222222222221932e-03 7.222222222222221891e-03 1.048611111111111098e-02
6.300000000000000711e+00 7.777777777777777554e-03 6.597222222222222203e-03 9.930555555555555317e-03
6.339999999999999858e+00 6.319444444444444371e-03 5.208333333333333044e-03 8.125000000000000278e-03
6.380000000000000782e+00 4.236111111111110633e-03 3.819444444444444319e-03 4.930555555555555212e-03
6.419999999999999929e+00 2.965277777777778050e-03 1.805555555555555473e-03 3.749999999999999861e-03
6.460000000000000853e+00 2.479166666666666845e-03 1.597222222222222316e-03 3.749999999999999861e-03
6.500000000000000000e+00 1.368055555555555735e-03 1.041666666666666652e-03 2.291666666666666678e-03
6.540000000000000924e+00 9.236111111111109436e-04 6.944444444444444709e-04 1.250000000000000026e-03
6.580000000000000071e+00 6.388888888888888179e-04 3.472222222222222355e-04 9.027777777777777363e-04
6.620000000000000995e+00 3.402777777777777788e-04 6.944444444444444438e-05 7.638888888888889289e-04
6.660000000000000142e+00 1.875000000000000039e-04 6.944444444444444438e-05 2.777777777777777775e-04
6.699999999999999289e+00 8.333333333333334410e-05 0.000000000000000000e+00 2.083333333333333467e-04
6.740000000000000213e+00 2.777777777777777911e-05 0.000000000000000000e+00 6.944444444444444438e-05
6.779999999999999361e+00 0.000000000000000000e+00 0.000000000000000000e+00 0.000000000000000000e+00
6.820000000000000284e+00 1.388888888888888955e-05 0.000000000000000000e+00 6.944444444444444438e-05
6.859999999999999432e+00 0.000000000000000000e+00 0.000000000000000000e+00 0.000000000000000000e+00
6.900000000000000355e+00 0.000000000000000000e+00 0.000000000000000000e+00 0.000000000000000000e+00
6.939999999999999503e+00 0.000000000000000000e+00 0.000000000000000000e+00 0.000000000000000000e+00
6.980000000000000426e+00 0.000000000000000000e+00 0.000000000000000000e+00 0.000000000000000000e+00
7.019999999999999574e+00 0.000000000000000000e+00 0.000000000000000000e+00 0.000000000000000000e+00
7.060000000000000497e+00 0.000000000000000000e+00 0.000000000000000000e+00 0.000000000000000000e+00
7.099999999999999645e+00 0.000000000000000000e+00 0.000000000000000000e+00 0.000000000000000000e+00
7.140000000000000568e+00 0.000000000000000000e+00 0.000000000000000000e+00 0.000000000000000000e+00
7.179999999999999716e+00 0.000000000000000000e+00 0.000000000000000000e+00 0.000000000000000000e+00
7.220000000000000639e+00 0.000000000000000000e+00 0.000000000000000000e+00 0.000000000000000000e+00
7.259999999999999787e+00 0.000000000000000000e+00 0.000000000000000000e+00 0.000000000000000000e+00
7.300000000000000711e+00 0.000000000000000000e+00 0.000000000000000000e+00 0.000000000000000000e+00
7.339999999999999858e+00 0.000000000000000000e+00 0.000000000000000000e+00 0.000000000000000000e+00
7.380000000000000782e+00 0.000000000000000000e+00 0.000000000000000000e+00 0.000000000000000000e+00
7.419999999999999929e+00 0.000000000000000000e+00 0.000000000000000000e+00 0.000000000000000000e+00
7.460000000000000853e+00 0.000000000000000000e+00 0.000000000000000000e+00 0.000000000000000000e+00
7.500000000000000000e+00 0.000000000000000000e+00 0.000000000000000000e+00 0.000000000000000000e+00
7.540000000000000924e+00 0.000000000000000000e+00 0.000000000000000000e+00 0.000000000000000000e+00
7.580000000000000071e+00 0.000000000000000000e+00 0.000000000000000000e+00 0.000000000000000000e+00
7.620000000000000995e+00 0.000000000000000000e+00 0.000000000000000000e+00 0.000000000000000000e+00
7.660000000000000142e+00 0.000000000000000000e+00 0.000000000000000000e+00 0.000000000000000000e+00
7.699999999999999289e+00 0.000000000000000000e+00 0.000000000000000000e+00 0.000000000000000000e+00
7.740000000000000213e+00 0.000000000000000000e+00 0.000000000000000000e+00 0.000000000000000000e+00
7.779999999999999361e+00 0.000000000000000000e+00 0.000000000000000000e+00 0.000000000000000000e+00
7.820000000000000284e+00 0.000000000000000000e+00 0.000000000000000000e+00 0.000000000000000000e+00
7.859999999999999432e+00 0.000000000000000000e+00 0.000000000000000000e+00 0.000000000000000000e+00
7.900000000000000355e+00 0.000000000000000000e+00 0.000000000000000000e+00 0.000000000000000000e+00
7.939999999999999503e+00 0.000000000000000000e+00 0.000000000000000000e+00 0.000000000000000000e+00
7.980000000000000426e+00 0.000000000000000000e+00 0.000000000000000000e+00 0.000000000000000000e+00
