# r_A g_mean g_min g_max
2.000000000000000042e-02 0.000000000000000000e+00 0.000000000000000000e+00 0.000000000000000000e+00
5.999999999999999778e-02 0.000000000000000000e+00 0.000000000000000000e+00 0.000000000000000000e+00
1.000000000000000056e-01 0.000000000000000000e+00 0.000000000000000000e+00 0.000000000000000000e+00
1.400000000000000133e-01 0.000000000000000000e+00 0.000000000000000000e+00 0.000000000000000000e+00
1.799999999999999933e-01 0.000000000000000000e+00 0.000000000000000000e+00 0.000000000000000000e+00
2.200000000000000011e-01 0.000000000000000000e+00 0.000000000000000000e+00 0.000000000000000000e+00
2.600000000000000089e-01 0.000000000000000000e+00 0.000000000000000000e+00 0.000000000000000000e+00
3.000000000000000444e-01 0.000000000000000000e+00 0.000000000000000000e+00 0.000000000000000000e+00
3.399999999999999689e-01 0.000000000000000000e+00 0.000000000000000000e+00 0.000000000000000000e+00
3.800000000000000044e-01 0.000000000000000000e+00 0.000000000000000000e+00 0.000000000000000000e+00
4.200000000000000400e-01 0.000000000000000000e+00 0.000000000000000000e+00 0.000000000000000000e+00
4.599999999999999645e-01 0.000000000000000000e+00 0.000000000000000000e+00 0.000000000000000000e+00
5.000000000000000000e-01 0.000000000000000000e+00 0.000000000000000000e+00 0.000000000000000000e+00
5.400000000000000355e-01 0.000000000000000000e+00 0.000000000000000000e+00 0.000000000000000000e+00
5.800000000000000711e-01 0.000000000000000000e+00 0.000000000000000000e+00 0.000000000000000000e+00
6.199999999999999956e-01 0.000000000000000000e+00 0.000000000000000000e+00 0.000000000000000000e+00
6.600000000000000311e-01 0.000000000000000000e+00 0.000000000000000000e+00 0.000000000000000000e+00
6.999999999999999556e-01 0.000000000000000000e+00 0.000000000000000000e+00 0.000000000000000000e+00
7.399999999999999911e-01 0.000000000000000000e+00 0.000000000000000000e+00 0.000000000000000000e+00
7.800000000000000266e-01 0.000000000000000000e+00 0.000000000000000000e+00 0.000000000000000000e+00
8.200000000000000622e-01 0.000000000000000000e+00 0.000000000000000000e+00 0.000000000000000000e+00
8.599999999999999867e-01 0.000000000000000000e+00 0.000000000000000000e+00 0.000000000000000000e+00
9.000000000000000222e-01 0.000000000000000000e+00 0.000000000000000000e+00 0.000000000000000000e+00
9.399999999999999467e-01 0.000000000000000000e+00 0.000000000000000000e+00 0.000000000000000000e+00
9.799999999999999822e-01 7.812500000000000000e-01 7.812500000000000000e-01 7.812500000000000000e-01
1.020000000000000018e+00 0.000000000000000000e+00 0.000000000000000000e+00 0.000000000000000000e+00
1.060000000000000053e+00 0.000000000000000000e+00 0.000000000000000000e+00 0.000000000000000000e+00
1.100000000000000089e+00 0.000000000000000000e+00 0.000000000000000000e+00 0.000000000000000000e+00
1.140000000000000124e+00 0.000000000000000000e+00 0.000000000000000000e+00 0.000000000000000000e+00
1.179999999999999938e+00 0.000000000000000000e+00 0.000000000000000000e+00 0.000000000000000000e+00
1.219999999999999973e+00 0.000000000000000000e+00 0.000000000000000000e+00 0.000000000000000000e+00
1.260000000000000009e+00 0.000000000000000000e+00 0.000000000000000000e+00 0.000000000000000000e+00
1.300000000000000044e+00 0.000000000000000000e+00 0.000000000000000000e+00 0.000000000000000000e+00
1.340000000000000080e+00 0.000000000000000000e+00 0.000000000000000000e+00 0.000000000000000000e+00
1.380000000000000115e+00 0.000000000000000000e+00 0.000000000000000000e+00 0.000000000000000000e+00
1.419999999999999929e+00 0.000000000000000000e+00 0.000000000000000000e+00 0.000000000000000000e+00
1.459999999999999964e+00 0.000000000000000000e+00 0.000000000000000000e+00 0.000000000000000000e+00
1.500000000000000000e+00 0.000000000000000000e+00 0.000000000000000000e+00 0.000000000000000000e+00
1.540000000000000036e+00 0.000000000000000000e+00 0.000000000000000000e+00 0.000000000000000000e+00
1.580000000000000071e+00 0.000000000000000000e+00 0.000000000000000000e+00 0.000000000000000000e+00
1.620000000000000107e+00 0.000000000000000000e+00 0.000000000000000000e+00 0.000000000000000000e+00
1.660000000000000142e+00 0.000000000000000000e+00 0.000000000000000000e+00 0.000000000000000000e+00
1.699999999999999956e+00 0.000000000000000000e+00 0.000000000000000000e+00 0.000000000000000000e+00
1.739999999999999991e+00 0.000000000000000000e+00 0.000000000000000000e+00 0.000000000000000000e+00
1.780000000000000027e+00 0.000000000000000000e+00 0.000000000000000000e+00 0.000000000000000000e+00
1.820000000000000062e+00 2.343750000000000049e-05 0.000000000000000000e+00 7.812500000000000163e-05
1.860000000000000098e+00 9.375000000000000195e-05 0.000000000000000000e+00 2.343749999999999913e-04
1.899999999999999911e+00 3.828125000000000147e-04 7.812500000000000163e-05 7.031249999999999740e-04
1.939999999999999947e+00 1.843749999999999903e-03 1.328125000000000095e-03 3.437500000000000017e-03
1.979999999999999982e+00 6.632812499999999820e-03 5.546874999999999722e-03 7.968750000000000139e-03
2.020000000000000018e+00 1.783593749999999936e-02 1.507812499999999951e-02 2.109375000000000139e-02
2.060000000000000053e+00 3.925781250000000278e-02 3.695312500000000333e-02 4.179687499999999722e-02
2.100000000000000089e+00 7.284375000000001266e-02 6.953125000000000278e-02 7.507812499999999556e-02
2.140000000000000124e+00 1.087421875000000038e-01 1.028125000000000011e-01 1.131250000000000033e-01
2.180000000000000160e+00 1.352500000000000091e-01 1.312500000000000056e-01 1.420312499999999978e-01
2.220000000000000195e+00 1.401171875000000178e-01 1.310937500000000089e-01 1.434374999999999956e-01
2.260000000000000231e+00 1.196953125000000118e-01 1.146093749999999994e-01 1.223437500000000011e-01
2.299999999999999822e+00 9.428124999999999700e-02 8.984375000000000000e-02 9.882812500000000278e-02
2.339999999999999858e+00 8.457812499999999012e-02 8.164062499999999445e-02 8.710937500000000278e-02
2.379999999999999893e+00 1.108203125000000178e-01 1.052343750000000050e-01 1.167968749999999944e-01
2.419999999999999929e+00 1.756015625000000024e-01 1.695312499999999944e-01 1.779687500000000089e-01
2.459999999999999964e+00 2.630000000000000115e-01 2.552343750000000133e-01 2.701562499999999867e-01
2.500000000000000000e+00 3.566796875000000644e-01 3.485156249999999956e-01 3.601562500000000111e-01
2.540000000000000036e+00 4.258359374999999281e-01 4.163281249999999933e-01 4.421093750000000266e-01
2.580000000000000071e+00 4.607656249999999565e-01 4.470312499999999911e-01 4.757812499999999889e-01
2.620000000000000107e+00 4.532656250000000608e-01 4.428124999999999978e-01 4.660937499999999734e-01
2.660000000000000142e+00 4.051718750000000147e-01 3.917187500000000044e-01 4.221093750000000089e-01
2.700000000000000178e+00 3.479687500000000488e-01 3.407031249999999956e-01 3.656249999999999778e-01
2.740000000000000213e+00 2.854765625000000306e-01 2.705468750000000200e-01 3.005468749999999911e-01
2.780000000000000249e+00 2.405078124999999734e-01 2.339062500000000100e-01 2.470312500000000078e-01
2.820000000000000284e+00 2.146249999999999825e-01 2.074999999999999900e-01 2.275781249999999922e-01
2.859999999999999876e+00 1.976640624999999873e-01 1.948437500000000100e-01 2.021874999999999922e-01
2.899999999999999911e+00 1.912578125000000129e-01 1.871093749999999944e-01 1.950000000000000067e-01
2.939999999999999947e+00 1.898437500000000056e-01 1.828906250000000011e-01 1.963281249999999922e-01
2.979999999999999982e+00 1.899140625000000082e-01 1.833593749999999911e-01 1.930468750000000067e-01
3.020000000000000018e+00 1.940312499999999885e-01 1.836718750000000122e-01 1.996874999999999900e-01
3.060000000000000053e+00 2.029531250000000120e-01 1.953125000000000000e-01 2.082031249999999889e-01
3.100000000000000089e+00 2.211171874999999787e-01 2.170312500000000089e-01 2.269531250000000056e-01
3.140000000000000124e+00 2.538046875000000147e-01 2.433593749999999889e-01 2.598437499999999845e-01
3.180000000000000160e+00 2.951484374999999716e-01 2.888281249999999911e-01 3.030468749999999933e-01
3.220000000000000195e+00 3.094687500000000147e-01 3.036718749999999800e-01 3.158593749999999978e-01
3.260000000000000231e+00 2.879843750000000147e-01 2.792187500000000155e-01 2.921093750000000044e-01
3.300000000000000266e+00 2.542499999999999760e-01 2.411718750000000078e-01 2.623437499999999867e-01
3.339999999999999858e+00 2.270234374999999805e-01 2.204687499999999911e-01 2.325781249999999967e-01
3.379999999999999893e+00 1.914765624999999749e-01 1.827343750000000044e-01 2.015625000000000056e-01
3.419999999999999929e+00 1.403984374999999729e-01 1.296875000000000111e-01 1.457031249999999889e-01
3.459999999999999964e+00 9.769531249999999223e-02 9.164062500000000333e-02 1.036718749999999967e-01
3.500000000000000000e+00 7.418749999999998956e-02 6.960937500000000111e-02 8.000000000000000167e-02
3.540000000000000036e+00 7.221093750000000255e-02 6.593749999999999611e-02 8.398437500000000000e-02
3.580000000000000071e+00 7.350000000000000977e-02 6.312500000000000056e-02 1.064062499999999939e-01
3.620000000000000107e+00 7.867968750000001177e-02 6.132812499999999722e-02 1.357031250000000078e-01
3.660000000000000142e+00 8.774218750000001288e-02 6.804687500000000666e-02 1.580468750000000033e-01
3.700000000000000178e+00 9.671093749999999656e-02 7.453124999999999334e-02 1.761718750000000056e-01
3.740000000000000213e+00 1.085312500000000097e-01 9.031250000000000389e-02 1.758593750000000122e-01
3.780000000000000249e+00 1.257187499999999902e-01 1.128124999999999961e-01 1.567187499999999900e-01
3.820000000000000284e+00 1.499062499999999909e-01 1.465625000000000122e-01 1.535937500000000011e-01
3.859999999999999876e+00 1.702499999999999569e-01 1.307031250000000033e-01 1.832031249999999944e-01
3.899999999999999911e+00 1.783750000000000058e-01 1.403125000000000067e-01 1.953906250000000122e-01
3.939999999999999947e+00 1.727109374999999947e-01 1.619531250000000033e-01 1.829687500000000133e-01
3.979999999999999982e+00 1.508437499999999987e-01 1.384374999999999911e-01 1.771093750000000133e-01
4.019999999999999574e+00 1.208437499999999998e-01 1.036718749999999967e-01 1.787499999999999922e-01
4.060000000000000497e+00 9.578906249999999400e-02 7.007812500000000500e-02 1.750781250000000011e-01
4.099999999999999645e+00 7.677343749999999967e-02 5.609374999999999778e-02 1.451562499999999867e-01
4.140000000000000568e+00 6.442187500000000344e-02 4.851562499999999972e-02 1.203906250000000011e-01
4.179999999999999716e+00 5.749999999999999556e-02 4.742187500000000222e-02 8.929687499999999778e-02
4.220000000000000639e+00 5.381249999999999922e-02 4.484375000000000167e-02 7.234374999999999833e-02
4.259999999999999787e+00 5.549999999999999378e-02 4.890624999999999833e-02 7.093750000000000056e-02
4.300000000000000711e+00 5.482031250000000272e-02 5.039062500000000139e-02 6.570312500000000111e-02
4.339999999999999858e+00 6.082031250000000805e-02 5.648437500000000333e-02 7.195312500000000666e-02
4.380000000000000782e+00 6.892187499999999356e-02 6.164062499999999750e-02 7.765624999999999611e-02
4.419999999999999929e+00 9.494531250000000366e-02 8.968750000000000333e-02 1.019531250000000056e-01
4.460000000000000853e+00 1.526249999999999829e-01 1.472656250000000111e-01 1.578906250000000067e-01
4.500000000000000000e+00 2.418671874999999694e-01 2.308593750000000056e-01 2.489062499999999956e-01
4.540000000000000924e+00 3.549375000000000169e-01 3.459375000000000089e-01 3.657812500000000022e-01
4.580000000000000071e+00 4.389062500000000533e-01 4.307031250000000200e-01 4.506249999999999978e-01
4.620000000000000107e+00 4.514921875000000862e-01 4.178906250000000155e-01 4.735156249999999956e-01
4.660000000000000142e+00 3.933593750000000111e-01 3.430468749999999734e-01 4.114843750000000133e-01
4.699999999999999289e+00 3.163671874999999800e-01 2.582031249999999778e-01 3.435937499999999756e-01
4.740000000000000213e+00 2.761953124999999565e-01 2.036718750000000022e-01 2.996874999999999956e-01
4.779999999999999361e+00 2.685859375000000382e-01 2.141406250000000011e-01 2.933593749999999778e-01
4.820000000000000284e+00 2.751015625000000075e-01 2.248437500000000089e-01 2.956250000000000266e-01
4.859999999999999432e+00 2.897968750000000093e-01 2.478906250000000033e-01 3.042187499999999822e-01
4.900000000000000355e+00 2.979531249999999853e-01 2.747656250000000133e-01 3.078124999999999889e-01
4.939999999999999503e+00 3.112343750000000075e-01 2.792968750000000000e-01 3.285937500000000178e-01
4.980000000000000426e+00 3.186718749999999933e-01 2.931250000000000244e-01 3.334374999999999978e-01
5.019999999999999574e+00 3.148359374999999960e-01 2.817968750000000022e-01 3.317968749999999911e-01
5.060000000000000497e+00 2.980781250000000271e-01 2.862500000000000044e-01 3.081249999999999822e-01
5.099999999999999645e+00 2.686718750000000044e-01 2.617187500000000000e-01 2.781250000000000111e-01
5.140000000000000568e+00 2.338203124999999605e-01 2.245312499999999878e-01 2.446093749999999900e-01
5.179999999999999716e+00 2.239687499999999665e-01 2.121875000000000011e-01 2.416406249999999978e-01
5.220000000000000639e+00 2.708125000000000115e-01 2.645312499999999956e-01 2.805468749999999734e-01
5.259999999999999787e+00 3.454765625000000284e-01 3.361718750000000089e-01 3.583593749999999800e-01
5.300000000000000711e+00 3.522343749999999329e-01 3.460156249999999933e-01 3.602343749999999956e-01
5.339999999999999858e+00 2.670468750000000169e-01 2.547656249999999956e-01 2.788281249999999822e-01
5.380000000000000782e+00 1.790390625000000124e-01 1.699218750000000000e-01 1.859375000000000056e-01
5.419999999999999929e+00 1.356406249999999869e-01 1.294531250000000022e-01 1.423437499999999911e-01
5.460000000000000853e+00 1.251406249999999776e-01 1.181249999999999939e-01 1.325781249999999911e-01
5.500000000000000000e+00 1.257343750000000093e-01 1.114843749999999967e-01 1.335156249999999989e-01
5.540000000000000924e+00 1.299687499999999940e-01 1.210937500000000000e-01 1.394531250000000111e-01
5.580000000000000071e+00 1.430468750000000178e-01 1.332031250000000056e-01 1.501562499999999911e-01
5.620000000000000107e+00 1.684140624999999891e-01 1.597656249999999944e-01 1.750781250000000011e-01
5.660000000000000142e+00 2.165781249999999825e-01 2.108593749999999878e-01 2.215624999999999956e-01
5.699999999999999289e+00 2.830546874999999574e-01 2.775781250000000089e-01 2.874218749999999933e-01
5.740000000000000213e+00 3.536406250000000417e-01 3.449218749999999889e-01 3.624999999999999889e-01
5.779999999999999361e+00 3.965078125000000009e-01 3.800000000000000044e-01 4.045312500000000089e-01
5.820000000000000284e+00 4.022109375000000320e-01 3.689843749999999756e-01 4.145312500000000178e-01
5.859999999999999432e+00 3.670078124999999747e-01 3.412499999999999978e-01 3.817187499999999956e-01
5.900000000000000355e+00 3.093437499999999729e-01 2.932812499999999933e-01 3.161718749999999911e-01
5.939999999999999503e+00 2.371875000000000233e-01 2.336718750000000011e-01 2.415625000000000133e-01
5.980000000000000426e+00 1.916953125000000202e-01 1.779687500000000089e-01 2.157031249999999956e-01
6.019999999999999574e+00 1.838671874999999734e-01 1.677343749999999911e-01 2.346874999999999933e-01
6.060000000000000497e+00 2.155625000000000180e-01 1.997656250000000022e-01 2.553906249999999822e-01
6.099999999999999645e+00 2.773046874999999800e-01 2.697656250000000089e-01 2.880468749999999800e-01
6.140000000000000568e+00 3.451328125000000524e-01 2.705468750000000200e-01 3.687500000000000222e-01
6.179999999999999716e+00 3.776406250000000075e-01 2.602343750000000178e-01 4.170312500000000200e-01
6.220000000000000639e+00 3.408046875000000364e-01 2.503906249999999778e-01 3.727343750000000067e-01
6.259999999999999787e+00 2.592421875000000542e-01 2.390625000000000111e-01 2.692187500000000067e-01
6.300000000000000711e+00 1.716718750000000293e-01 1.579687499999999911e-01 2.117968749999999956e-01
6.339999999999999858e+00 1.113124999999999948e-01 9.703124999999999944e-02 1.575000000000000011e-01
6.380000000000000782e+00 7.981249999999999456e-02 7.007812500000000500e-02 1.085156250000000044e-01
6.419999999999999929e+00 6.727343750000000511e-02 6.070312499999999667e-02 8.187500000000000333e-02
6.460000000000000853e+00 6.108593749999999961e-02 5.859375000000000000e-02 6.453124999999999833e-02
6.500000000000000000e+00 5.980468749999999500e-02 5.671874999999999833e-02 6.500000000000000222e-02
6.540000000000000924e+00 5.764062500000000089e-02 5.429687500000000139e-02 6.250000000000000000e-02
6.580000000000000071e+00 5.482031250000000272e-02 4.992187499999999750e-02 5.734374999999999889e-02
6.620000000000000995e+00 5.326562499999999700e-02 4.992187499999999750e-02 5.726562500000000056e-02
6.660000000000000142e+00 4.870312499999999295e-02 4.664062499999999806e-02 5.140625000000000056e-02
6.699999999999999289e+00 4.708593749999999412e-02 4.343749999999999695e-02 5.070312500000000167e-02
6.740000000000000213e+00 4.367187499999999195e-02 4.085937500000000333e-02 4.617187500000000111e-02
6.779999999999999361e+00 3.967968750000000488e-02 3.578125000000000056e-02 4.289062500000000167e-02
6.820000000000000284e+00 3.717968749999999573e-02 3.398437499999999722e-02 4.000000000000000083e-02
6.859999999999999432e+00 3.260156250000000033e-02 2.999999999999999889e-02 3.546875000000000028e-02
6.900000000000000355e+00 2.927343749999999911e-02 2.695312500000000139e-02 3.414062500000000083e-02
6.939999999999999503e+00 2.628906249999999820e-02 2.281249999999999944e-02 3.140624999999999667e-02
6.980000000000000426e+00 2.182031250000000117e-02 1.867187500000000097e-02 2.664062500000000111e-02
7.019999999999999574e+00 1.989843749999999772e-02 1.835937500000000069e-02 2.226562500000000069e-02
7.060000000000000497e+00 1.736718749999999895e-02 1.570312499999999833e-02 2.000000000000000042e-02
7.099999999999999645e+00 1.394531249999999764e-02 1.148437499999999979e-02 1.710937499999999958e-02
7.140000000000000568e+00 1.214843750000000125e-02 9.531249999999999792e-03 1.531249999999999972e-02
7.179999999999999716e+00 9.460937500000000597e-03 7.578124999999999792e-03 1.242187500000000062e-02
7.220000000000000639e+00 7.742187499999999938e-03 6.250000000000000347e-03 9.765625000000000000e-03
7.259999999999999787e+00 5.921875000000000056e-03 4.843749999999999965e-03 6.953125000000000104e-03
7.300000000000000711e+00 4.546875000000000569e-03 3.437500000000000017e-03 5.859375000000000000e-03
7.339999999999999858e+00 3.624999999999999750e-03 2.421874999999999983e-03 5.390624999999999584e-03
7.380000000000000782e+00 2.398437499999999528e-03 1.874999999999999931e-03 2.968750000000000035e-03
7.419999999999999929e+00 1.585937499999999891e-03 1.015625000000000035e-03 2.031250000000000069e-03
7.460000000000000853e+00 9.921875000000002307e-04 3.906250000000000217e-04 1.874999999999999931e-03
7.500000000000000000e+00 7.890625000000000503e-04 3.906250000000000217e-04 1.328125000000000095e-03
7.540000000000000924e+00 3.281249999999999662e-04 7.812500000000000163e-05 7.812500000000000434e-04
7.580000000000000071e+00 1.796874999999999970e-04 0.000000000000000000e+00 4.687499999999999827e-04
7.620000000000000995e+00 6.250000000000000130e-05 0.000000000000000000e+00 1.562500000000000033e-04
7.660000000000000142e+00 8.593749999999999501e-05 0.000000000000000000e+00 3.125000000000000065e-04
7.699999999999999289e+00 1.562500000000000033e-05 0.000000000000000000e+00 7.812500000000000163e-05
7.740000000000000213e+00 7.812500000000000163e-06 0.000000000000000000e+00 7.812500000000000163e-05
7.779999999999999361e+00 7.812500000000000163e-06 0.000000000000000000e+00 7.812500000000000163e-05
7.820000000000000284e+00 0.000000000000000000e+00 0.000000000000000000e+00 0.000000000000000000e+00
7.859999999999999432e+00 0.000000000000000000e+00 0.000000000000000000e+00 0.000000000000000000e+00
7.900000000000000355e+00 0.000000000000000000e+00 0.000000000000000000e+00 0.000000000000000000e+00
7.939999999999999503e+00 0.000000000000000000e+00 0.000000000000000000e+00 0.000000000000000000e+00
7.980000000000000426e+00 0.000000000000000000e+00 0.000000000000000000e+00 0.000000000000000000e+00
