# r_A g_mean g_min g_max
2.000000000000000042e-02 0.000000000000000000e+00 0.000000000000000000e+00 0.000000000000000000e+00
5.999999999999999778e-02 0.000000000000000000e+00 0.000000000000000000e+00 0.000000000000000000e+00
1.000000000000000056e-01 0.000000000000000000e+00 0.000000000000000000e+00 0.000000000000000000e+00
1.400000000000000133e-01 0.000000000000000000e+00 0.000000000000000000e+00 0.000000000000000000e+00
1.799999999999999933e-01 0.000000000000000000e+00 0.000000000000000000e+00 0.000000000000000000e+00
2.200000000000000011e-01 0.000000000000000000e+00 0.000000000000000000e+00 0.000000000000000000e+00
2.600000000000000089e-01 0.000000000000000000e+00 0.000000000000000000e+00 0.000000000000000000e+00
3.000000000000000444e-01 0.000000000000000000e+00 0.000000000000000000e+00 0.000000000000000000e+00
3.399999999999999689e-01 0.000000000000000000e+00 0.000000000000000000e+00 0.000000000000000000e+00
3.800000000000000044e-01 0.000000000000000000e+00 0.000000000000000000e+00 0.000000000000000000e+00
4.200000000000000400e-01 0.000000000000000000e+00 0.000000000000000000e+00 0.000000000000000000e+00
4.599999999999999645e-01 0.000000000000000000e+00 0.000000000000000000e+00 0.000000000000000000e+00
5.000000000000000000e-01 0.000000000000000000e+00 0.000000000000000000e+00 0.000000000000000000e+00
5.400000000000000355e-01 0.000000000000000000e+00 0.000000000000000000e+00 0.000000000000000000e+00
5.800000000000000711e-01 0.000000000000000000e+00 0.000000000000000000e+00 0.000000000000000000e+00
6.199999999999999956e-01 0.000000000000000000e+00 0.000000000000000000e+00 0.000000000000000000e+00
6.600000000000000311e-01 0.000000000000000000e+00 0.000000000000000000e+00 0.000000000000000000e+00
6.999999999999999556e-01 0.000000000000000000e+00 0.000000000000000000e+00 0.000000000000000000e+00
7.399999999999999911e-01 0.000000000000000000e+00 0.000000000000000000e+00 0.000000000000000000e+00
7.800000000000000266e-01 0.000000000000000000e+00 0.000000000000000000e+00 0.000000000000000000e+00
8.200000000000000622e-01 0.000000000000000000e+00 0.000000000000000000e+00 0.000000000000000000e+00
8.599999999999999867e-01 0.000000000000000000e+00 0.000000000000000000e+00 0.000000000000000000e+00
9.000000000000000222e-01 0.000000000000000000e+00 0.000000000000000000e+00 0.000000000000000000e+00
9.399999999999999467e-01 0.000000000000000000e+00 0.000000000000000000e+00 0.000000000000000000e+00
9.799999999999999822e-01 0.000000000000000000e+00 0.000000000000000000e+00 0.000000000000000000e+00
1.020000000000000018e+00 0.000000000000000000e+00 0.000000000000000000e+00 0.000000000000000000e+00
1.060000000000000053e+00 0.000000000000000000e+00 0.000000000000000000e+00 0.000000000000000000e+00
1.100000000000000089e+00 0.000000000000000000e+00 0.000000000000000000e+00 0.000000000000000000e+00
1.140000000000000124e+00 0.000000000000000000e+00 0.000000000000000000e+00 0.000000000000000000e+00
1.179999999999999938e+00 0.000000000000000000e+00 0.000000000000000000e+00 0.000000000000000000e+00
1.219999999999999973e+00 0.000000000000000000e+00 0.000000000000000000e+00 0.000000000000000000e+00
1.260000000000000009e+00 0.000000000000000000e+00 0.000000000000000000e+00 0.000000000000000000e+00
1.300000000000000044e+00 0.000000000000000000e+00 0.000000000000000000e+00 0.000000000000000000e+00
1.340000000000000080e+00 0.000000000000000000e+00 0.000000000000000000e+00 0.000000000000000000e+00
1.380000000000000115e+00 0.000000000000000000e+00 0.000000000000000000e+00 0.000000000000000000e+00
1.419999999999999929e+00 0.000000000000000000e+00 0.000000000000000000e+00 0.000000000000000000e+00
1.459999999999999964e+00 0.000000000000000000e+00 0.000000000000000000e+00 0.000000000000000000e+00
1.500000000000000000e+00 0.000000000000000000e+00 0.000000000000000000e+00 0.000000000000000000e+00
1.540000000000000036e+00 0.000000000000000000e+00 0.000000000000000000e+00 0.000000000000000000e+00
1.580000000000000071e+00 0.000000000000000000e+00 0.000000000000000000e+00 0.000000000000000000e+00
1.620000000000000107e+00 0.000000000000000000e+00 0.000000000000000000e+00 0.000000000000000000e+00
1.660000000000000142e+00 0.000000000000000000e+00 0.000000000000000000e+00 0.000000000000000000e+00
1.699999999999999956e+00 0.000000000000000000e+00 0.000000000000000000e+00 0.000000000000000000e+00
1.739999999999999991e+00 0.000000000000000000e+00 0.000000000000000000e+00 0.000000000000000000e+00
1.780000000000000027e+00 0.000000000000000000e+00 0.000000000000000000e+00 0.000000000000000000e+00
1.820000000000000062e+00 0.000000000000000000e+00 0.000000000000000000e+00 0.000000000000000000e+00
1.860000000000000098e+00 0.000000000000000000e+00 0.000000000000000000e+00 0.000000000000000000e+00
1.899999999999999911e+00 0.000000000000000000e+00 0.000000000000000000e+00 0.000000000000000000e+00
1.939999999999999947e+00 0.000000000000000000e+00 0.000000000000000000e+00 0.000000000000000000e+00
1.979999999999999982e+00 1.791666666666666451e-03 8.333333333333333868e-04 2.916666666666666800e-03
2.020000000000000018e+00 2.175000000000000197e-02 1.666666666666666644e-02 2.916666666666666713e-02
2.060000000000000053e+00 1.496249999999999802e-01 1.291666666666666796e-01 1.762499999999999900e-01
2.100000000000000089e+00 5.448333333333332806e-01 5.129166666666666874e-01 5.587499999999999689e-01
2.140000000000000124e+00 1.114999999999999991e+00 1.091250000000000053e+00 1.152916666666666590e+00
2.180000000000000160e+00 1.293416666666666659e+00 1.254166666666666652e+00 1.343333333333333268e+00
2.220000000000000195e+00 1.029874999999999874e+00 1.005833333333333357e+00 1.069583333333333330e+00
2.260000000000000231e+00 1.155000000000000027e+00 1.114999999999999991e+00 1.184583333333333321e+00
2.299999999999999822e+00 1.509374999999999911e+00 1.465833333333333321e+00 1.553749999999999964e+00
2.339999999999999858e+00 1.090041666666666575e+00 1.036666666666666625e+00 1.122500000000000053e+00
2.379999999999999893e+00 3.676666666666666416e-01 3.291666666666666630e-01 4.008333333333333193e-01
2.419999999999999929e+00 5.216666666666665980e-02 3.874999999999999972e-02 6.166666666666666824e-02
2.459999999999999964e+00 2.833333333333333103e-03 8.333333333333333868e-04 4.166666666666666609e-03
2.500000000000000000e+00 7.083333333333333842e-04 0.000000000000000000e+00 2.083333333333333304e-03
2.540000000000000036e+00 5.958333333333333710e-03 3.333333333333333547e-03 1.083333333333333370e-02
2.580000000000000071e+00 3.087500000000000314e-02 2.208333333333333329e-02 4.875000000000000167e-02
2.620000000000000107e+00 1.003750000000000198e-01 7.291666666666667129e-02 1.329166666666666552e-01
2.660000000000000142e+00 2.367500000000000160e-01 2.079166666666666663e-01 2.820833333333333526e-01
2.700000000000000178e+00 4.295416666666665995e-01 4.000000000000000222e-01 4.720833333333333548e-01
2.740000000000000213e+00 6.049166666666666581e-01 5.766666666666666607e-01 6.333333333333333037e-01
2.780000000000000249e+00 6.782500000000000195e-01 6.233333333333332948e-01 7.229166666666666519e-01
2.820000000000000284e+00 6.571249999999999591e-01 6.154166666666666119e-01 6.816666666666666430e-01
2.859999999999999876e+00 5.405416666666666980e-01 5.045833333333333837e-01 5.716666666666666563e-01
2.899999999999999911e+00 3.850000000000000089e-01 3.595833333333333104e-01 4.029166666666666452e-01
2.939999999999999947e+00 2.407083333333333575e-01 2.099999999999999922e-01 2.683333333333333126e-01
2.979999999999999982e+00 1.402916666666666479e-01 1.270833333333333259e-01 1.537499999999999978e-01
3.020000000000000018e+00 7.299999999999999545e-02 5.124999999999999695e-02 9.375000000000000000e-02
3.060000000000000053e+00 4.254166666666666513e-02 2.916666666666666713e-02 6.124999999999999889e-02
3.100000000000000089e+00 2.783333333333333146e-02 2.333333333333333440e-02 3.416666666666666463e-02
3.140000000000000124e+00 2.966666666666666410e-02 2.249999999999999917e-02 3.833333333333333037e-02
3.180000000000000160e+00 3.362500000000000211e-02 2.500000000000000139e-02 3.916666666666666907e-02
3.220000000000000195e+00 4.216666666666667174e-02 3.250000000000000111e-02 5.249999999999999806e-02
3.260000000000000231e+00 5.529166666666666258e-02 4.750000000000000056e-02 6.458333333333333981e-02
3.300000000000000266e+00 7.129166666666666985e-02 5.458333333333333093e-02 8.250000000000000389e-02
3.339999999999999858e+00 8.316666666666666652e-02 6.124999999999999889e-02 9.166666666666666019e-02
3.379999999999999893e+00 9.441666666666667651e-02 8.041666666666666408e-02 1.074999999999999983e-01
3.419999999999999929e+00 1.087083333333333374e-01 8.250000000000000389e-02 1.254166666666666763e-01
3.459999999999999964e+00 1.239166666666666472e-01 9.166666666666666019e-02 1.437499999999999889e-01
3.500000000000000000e+00 1.389999999999999847e-01 1.070833333333333359e-01 1.620833333333333293e-01
3.540000000000000036e+00 1.496666666666666701e-01 1.220833333333333354e-01 1.679166666666666585e-01
3.580000000000000071e+00 1.564166666666666483e-01 1.275000000000000022e-01 1.770833333333333426e-01
3.620000000000000107e+00 1.606249999999999623e-01 1.279166666666666785e-01 1.808333333333333459e-01
3.660000000000000142e+00 1.653333333333333044e-01 1.287500000000000033e-01 1.841666666666666730e-01
3.700000000000000178e+00 1.704583333333333228e-01 1.445833333333333415e-01 1.820833333333333470e-01
3.740000000000000213e+00 1.697500000000000120e-01 1.295833333333333282e-01 1.975000000000000089e-01
3.780000000000000249e+00 1.703749999999999709e-01 1.474999999999999922e-01 1.875000000000000000e-01
3.820000000000000284e+00 1.697500000000000120e-01 1.441666666666666652e-01 1.883333333333333248e-01
3.859999999999999876e+00 1.691666666666666874e-01 1.537499999999999978e-01 1.804166666666666696e-01
3.899999999999999911e+00 1.759999999999999898e-01 1.533333333333333215e-01 1.925000000000000044e-01
3.939999999999999947e+00 1.916249999999999898e-01 1.629166666666666541e-01 2.383333333333333415e-01
3.979999999999999982e+00 2.042499999999999871e-01 1.670833333333333337e-01 3.012500000000000178e-01
4.019999999999999574e+00 2.290833333333333055e-01 1.558333333333333237e-01 4.162500000000000089e-01
4.060000000000000497e+00 2.837500000000000022e-01 1.870833333333333237e-01 5.820833333333332860e-01
4.099999999999999645e+00 3.514166666666666550e-01 2.291666666666666574e-01 7.337500000000000133e-01
4.140000000000000568e+00 4.519166666666666887e-01 3.262499999999999845e-01 8.837500000000000355e-01
4.179999999999999716e+00 5.721666666666667123e-01 4.754166666666666541e-01 8.679166666666666696e-01
4.220000000000000639e+00 6.861666666666667025e-01 6.558333333333333792e-01 7.158333333333333215e-01
4.259999999999999787e+00 7.603750000000000231e-01 4.862500000000000155e-01 8.691666666666666430e-01
4.300000000000000711e+00 7.518333333333335755e-01 3.012500000000000178e-01 8.912499999999999867e-01
4.339999999999999858e+00 6.252083333333334769e-01 2.008333333333333359e-01 7.733333333333333171e-01
4.380000000000000782e+00 4.571250000000000036e-01 1.704166666666666607e-01 5.570833333333333748e-01
4.419999999999999929e+00 2.888749999999999929e-01 1.337500000000000078e-01 3.379166666666666430e-01
4.460000000000000853e+00 1.807916666666666838e-01 1.433333333333333404e-01 1.962500000000000078e-01
4.500000000000000000e+00 1.308749999999999913e-01 1.108333333333333393e-01 1.437499999999999889e-01
4.540000000000000924e+00 1.150416666666666393e-01 1.083333333333333370e-01 1.320833333333333304e-01
4.580000000000000071e+00 1.065416666666666873e-01 9.541666666666666352e-02 1.145833333333333287e-01
4.620000000000000107e+00 1.040416666666666712e-01 9.500000000000000111e-02 1.137500000000000039e-01
4.660000000000000142e+00 1.007500000000000062e-01 8.375000000000000500e-02 1.216666666666666730e-01
4.699999999999999289e+00 1.020416666666666694e-01 8.208333333333332760e-02 1.199999999999999956e-01
4.740000000000000213e+00 1.060416666666666591e-01 9.416666666666666241e-02 1.145833333333333287e-01
4.779999999999999361e+00 1.012083333333333168e-01 9.583333333333333981e-02 1.091666666666666619e-01
4.820000000000000284e+00 1.017500000000000071e-01 9.416666666666666241e-02 1.145833333333333287e-01
4.859999999999999432e+00 1.005416666666666681e-01 8.791666666666667074e-02 1.104166666666666630e-01
4.900000000000000355e+00 1.142083333333333284e-01 1.074999999999999983e-01 1.220833333333333354e-01
4.939999999999999503e+00 1.077916666666666468e-01 9.708333333333332704e-02 1.183333333333333320e-01
4.980000000000000426e+00 1.122083333333333266e-01 9.791666666666666574e-02 1.258333333333333248e-01
5.019999999999999574e+00 1.112083333333333257e-01 9.875000000000000444e-02 1.250000000000000000e-01
5.060000000000000497e+00 1.144583333333333564e-01 1.049999999999999961e-01 1.287500000000000033e-01
5.099999999999999645e+00 1.160833333333333439e-01 1.016666666666666691e-01 1.329166666666666552e-01
5.140000000000000568e+00 1.221666666666666734e-01 1.070833333333333359e-01 1.329166666666666552e-01
5.179999999999999716e+00 1.147916666666666530e-01 1.058333333333333348e-01 1.283333333333333270e-01
5.220000000000000639e+00 1.192916666666666570e-01 9.583333333333333981e-02 1.325000000000000067e-01
5.259999999999999787e+00 1.239166666666666750e-01 1.116666666666666641e-01 1.362500000000000100e-01
5.300000000000000711e+00 1.203333333333333616e-01 9.958333333333332926e-02 1.362500000000000100e-01
5.339999999999999858e+00 1.256250000000000144e-01 1.162500000000000061e-01 1.395833333333333370e-01
5.380000000000000782e+00 1.210416666666666446e-01 1.091666666666666619e-01 1.275000000000000022e-01
5.419999999999999929e+00 1.228749999999999981e-01 1.112500000000000017e-01 1.366666666666666585e-01
5.460000000000000853e+00 1.175416666666666554e-01 1.041666666666666713e-01 1.424999999999999878e-01
5.500000000000000000e+00 1.122500000000000026e-01 1.020833333333333315e-01 1.258333333333333248e-01
5.540000000000000924e+00 1.067499999999999838e-01 8.083333333333332649e-02 1.208333333333333343e-01
5.580000000000000071e+00 1.055833333333333346e-01 9.625000000000000222e-02 1.195833333333333331e-01
5.620000000000000107e+00 1.018333333333333313e-01 8.958333333333333426e-02 1.295833333333333282e-01
5.660000000000000142e+00 9.658333333333332660e-02 8.958333333333333426e-02 1.079166666666666607e-01
5.699999999999999289e+00 9.254166666666667485e-02 8.125000000000000278e-02 1.108333333333333393e-01
5.740000000000000213e+00 7.970833333333333937e-02 6.916666666666666796e-02 8.624999999999999334e-02
5.779999999999999361e+00 7.495833333333333515e-02 6.458333333333333981e-02 9.041666666666667296e-02
5.820000000000000284e+00 7.233333333333333282e-02 6.124999999999999889e-02 8.458333333333332982e-02
5.859999999999999432e+00 6.125000000000000583e-02 5.416666666666666852e-02 6.958333333333333037e-02
5.900000000000000355e+00 5.383333333333333026e-02 4.125000000000000194e-02 5.999999999999999778e-02
5.939999999999999503e+00 4.587499999999999217e-02 3.958333333333333148e-02 5.166666666666666630e-02
5.980000000000000426e+00 3.854166666666666158e-02 2.875000000000000125e-02 5.416666666666666852e-02
6.019999999999999574e+00 3.200000000000000067e-02 2.791666666666666602e-02 3.500000000000000333e-02
6.060000000000000497e+00 2.587500000000000216e-02 1.750000000000000167e-02 2.916666666666666713e-02
6.099999999999999645e+00 2.104166666666666338e-02 1.708333333333333232e-02 2.958333333333333301e-02
6.140000000000000568e+00 1.408333333333333312e-02 1.083333333333333370e-02 1.916666666666666519e-02
6.179999999999999716e+00 1.066666666666666458e-02 7.083333333333332975e-03 1.333333333333333419e-02
6.220000000000000639e+00 8.499999999999998876e-03 3.749999999999999861e-03 1.375000000000000007e-02
6.259999999999999787e+00 4.666666666666666186e-03 2.083333333333333304e-03 9.166666666666666713e-03
6.300000000000000711e+00 3.916666666666667254e-03 2.083333333333333304e-03 8.750000000000000833e-03
6.339999999999999858e+00 1.708333333333333188e-03 4.166666666666666934e-04 3.749999999999999861e-03
6.380000000000000782e+00 9.999999999999998040e-04 0.000000000000000000e+00 2.916666666666666800e-03
6.419999999999999929e+00 4.583333333333333248e-04 0.000000000000000000e+00 1.250000000000000026e-03
6.460000000000000853e+00 2.500000000000000052e-04 0.000000000000000000e+00 1.250000000000000026e-03
6.500000000000000000e+00 2.083333333333333196e-04 0.000000000000000000e+00 8.333333333333333868e-04
6.540000000000000924e+00 0.000000000000000000e+00 0.000000000000000000e+00 0.000000000000000000e+00
6.580000000000000071e+00 4.166666666666667205e-05 0.000000000000000000e+00 4.166666666666666934e-04
6.620000000000000995e+00 0.000000000000000000e+00 0.000000000000000000e+00 0.000000000000000000e+00
6.660000000000000142e+00 0.000000000000000000e+00 0.000000000000000000e+00 0.000000000000000000e+00
6.699999999999999289e+00 0.000000000000000000e+00 0.000000000000000000e+00 0.000000000000000000e+00
6.740000000000000213e+00 0.000000000000000000e+00 0.000000000000000000e+00 0.000000000000000000e+00
6.779999999999999361e+00 0.000000000000000000e+00 0.000000000000000000e+00 0.000000000000000000e+00
6.820000000000000284e+00 0.000000000000000000e+00 0.000000000000000000e+00 0.000000000000000000e+00
6.859999999999999432e+00 0.000000000000000000e+00 0.000000000000000000e+00 0.000000000000000000e+00
6.900000000000000355e+00 0.000000000000000000e+00 0.000000000000000000e+00 0.000000000000000000e+00
6.939999999999999503e+00 0.000000000000000000e+00 0.000000000000000000e+00 0.000000000000000000e+00
6.980000000000000426e+00 0.000000000000000000e+00 0.000000000000000000e+00 0.000000000000000000e+00
7.019999999999999574e+00 0.000000000000000000e+00 0.000000000000000000e+00 0.000000000000000000e+00
7.060000000000000497e+00 0.000000000000000000e+00 0.000000000000000000e+00 0.000000000000000000e+00
7.099999999999999645e+00 0.000000000000000000e+00 0.000000000000000000e+00 0.000000000000000000e+00
7.140000000000000568e+00 0.000000000000000000e+00 0.000000000000000000e+00 0.000000000000000000e+00
7.179999999999999716e+00 0.000000000000000000e+00 0.000000000000000000e+00 0.000000000000000000e+00
7.220000000000000639e+00 0.000000000000000000e+00 0.000000000000000000e+00 0.000000000000000000e+00
7.259999999999999787e+00 0.000000000000000000e+00 0.000000000000000000e+00 0.000000000000000000e+00
7.300000000000000711e+00 0.000000000000000000e+00 0.000000000000000000e+00 0.000000000000000000e+00
7.339999999999999858e+00 0.000000000000000000e+00 0.000000000000000000e+00 0.000000000000000000e+00
7.380000000000000782e+00 0.000000000000000000e+00 0.000000000000000000e+00 0.000000000000000000e+00
7.419999999999999929e+00 0.000000000000000000e+00 0.000000000000000000e+00 0.000000000000000000e+00
7.460000000000000853e+00 0.000000000000000000e+00 0.000000000000000000e+00 0.000000000000000000e+00
7.500000000000000000e+00 0.000000000000000000e+00 0.000000000000000000e+00 0.000000000000000000e+00
7.540000000000000924e+00 0.000000000000000000e+00 0.000000000000000000e+00 0.000000000000000000e+00
7.580000000000000071e+00 0.000000000000000000e+00 0.000000000000000000e+00 0.000000000000000000e+00
7.620000000000000995e+00 0.000000000000000000e+00 0.000000000000000000e+00 0.000000000000000000e+00
7.660000000000000142e+00 0.000000000000000000e+00 0.000000000000000000e+00 0.000000000000000000e+00
7.699999999999999289e+00 0.000000000000000000e+00 0.000000000000000000e+00 0.000000000000000000e+00
7.740000000000000213e+00 0.000000000000000000e+00 0.000000000000000000e+00 0.000000000000000000e+00
7.779999999999999361e+00 0.000000000000000000e+00 0.000000000000000000e+00 0.000000000000000000e+00
7.820000000000000284e+00 0.000000000000000000e+00 0.000000000000000000e+00 0.000000000000000000e+00
7.859999999999999432e+00 0.000000000000000000e+00 0.000000000000000000e+00 0.000000000000000000e+00
7.900000000000000355e+00 0.000000000000000000e+00 0.000000000000000000e+00 0.000000000000000000e+00
7.939999999999999503e+00 0.000000000000000000e+00 0.000000000000000000e+00 0.000000000000000000e+00
7.980000000000000426e+00 0.000000000000000000e+00 0.000000000000000000e+00 0.000000000000000000e+00
