# r_A g_mean g_min g_max
2.000000000000000042e-02 0.000000000000000000e+00 0.000000000000000000e+00 0.000000000000000000e+00
5.999999999999999778e-02 0.000000000000000000e+00 0.000000000000000000e+00 0.000000000000000000e+00
1.000000000000000056e-01 0.000000000000000000e+00 0.000000000000000000e+00 0.000000000000000000e+00
1.400000000000000133e-01 0.000000000000000000e+00 0.000000000000000000e+00 0.000000000000000000e+00
1.799999999999999933e-01 0.000000000000000000e+00 0.000000000000000000e+00 0.000000000000000000e+00
2.200000000000000011e-01 0.000000000000000000e+00 0.000000000000000000e+00 0.000000000000000000e+00
2.600000000000000089e-01 0.000000000000000000e+00 0.000000000000000000e+00 0.000000000000000000e+00
3.000000000000000444e-01 0.000000000000000000e+00 0.000000000000000000e+00 0.000000000000000000e+00
3.399999999999999689e-01 0.000000000000000000e+00 0.000000000000000000e+00 0.000000000000000000e+00
3.800000000000000044e-01 0.000000000000000000e+00 0.000000000000000000e+00 0.000000000000000000e+00
4.200000000000000400e-01 0.000000000000000000e+00 0.000000000000000000e+00 0.000000000000000000e+00
4.599999999999999645e-01 0.000000000000000000e+00 0.000000000000000000e+00 0.000000000000000000e+00
5.000000000000000000e-01 0.000000000000000000e+00 0.000000000000000000e+00 0.000000000000000000e+00
5.400000000000000355e-01 0.000000000000000000e+00 0.000000000000000000e+00 0.000000000000000000e+00
5.800000000000000711e-01 0.000000000000000000e+00 0.000000000000000000e+00 0.000000000000000000e+00
6.199999999999999956e-01 0.000000000000000000e+00 0.000000000000000000e+00 0.000000000000000000e+00
6.600000000000000311e-01 0.000000000000000000e+00 0.000000000000000000e+00 0.000000000000000000e+00
6.999999999999999556e-01 0.000000000000000000e+00 0.000000000000000000e+00 0.000000000000000000e+00
7.399999999999999911e-01 0.000000000000000000e+00 0.000000000000000000e+00 0.000000000000000000e+00
7.800000000000000266e-01 0.000000000000000000e+00 0.000000000000000000e+00 0.000000000000000000e+00
8.200000000000000622e-01 0.000000000000000000e+00 0.000000000000000000e+00 0.000000000000000000e+00
8.599999999999999867e-01 0.000000000000000000e+00 0.000000000000000000e+00 0.000000000000000000e+00
9.000000000000000222e-01 0.000000000000000000e+00 0.000000000000000000e+00 0.000000000000000000e+00
9.399999999999999467e-01 0.000000000000000000e+00 0.000000000000000000e+00 0.000000000000000000e+00
9.799999999999999822e-01 0.000000000000000000e+00 0.000000000000000000e+00 0.000000000000000000e+00
1.020000000000000018e+00 0.000000000000000000e+00 0.000000000000000000e+00 0.000000000000000000e+00
1.060000000000000053e+00 0.000000000000000000e+00 0.000000000000000000e+00 0.000000000000000000e+00
1.100000000000000089e+00 2.430555555555555802e+00 2.430555555555555358e+00 2.430555555555555358e+00
1.140000000000000124e+00 0.000000000000000000e+00 0.000000000000000000e+00 0.000000000000000000e+00
1.179999999999999938e+00 0.000000000000000000e+00 0.000000000000000000e+00 0.000000000000000000e+00
1.219999999999999973e+00 0.000000000000000000e+00 0.000000000000000000e+00 0.000000000000000000e+00
1.260000000000000009e+00 0.000000000000000000e+00 0.000000000000000000e+00 0.000000000000000000e+00
1.300000000000000044e+00 0.000000000000000000e+00 0.000000000000000000e+00 0.000000000000000000e+00
1.340000000000000080e+00 0.000000000000000000e+00 0.000000000000000000e+00 0.000000000000000000e+00
1.380000000000000115e+00 0.000000000000000000e+00 0.000000000000000000e+00 0.000000000000000000e+00
1.419999999999999929e+00 0.000000000000000000e+00 0.000000000000000000e+00 0.000000000000000000e+00
1.459999999999999964e+00 0.000000000000000000e+00 0.000000000000000000e+00 0.000000000000000000e+00
1.500000000000000000e+00 0.000000000000000000e+00 0.000000000000000000e+00 0.000000000000000000e+00
1.540000000000000036e+00 0.000000000000000000e+00 0.000000000000000000e+00 0.000000000000000000e+00
1.580000000000000071e+00 0.000000000000000000e+00 0.000000000000000000e+00 0.000000000000000000e+00
1.620000000000000107e+00 0.000000000000000000e+00 0.000000000000000000e+00 0.000000000000000000e+00
1.660000000000000142e+00 0.000000000000000000e+00 0.000000000000000000e+00 0.000000000000000000e+00
1.699999999999999956e+00 6.944444444444444777e-06 0.000000000000000000e+00 3.472222222222222219e-05
1.739999999999999991e+00 2.534722222222222606e-04 6.944444444444444438e-05 7.291666666666666999e-04
1.780000000000000027e+00 3.944444444444444864e-03 2.638888888888888968e-03 5.451388888888889298e-03
1.820000000000000062e+00 2.488888888888888401e-02 2.177083333333333301e-02 2.857638888888888729e-02
1.860000000000000098e+00 7.883680555555555580e-02 7.638888888888889506e-02 8.232638888888889339e-02
1.899999999999999911e+00 1.187395833333333428e-01 1.079166666666666607e-01 1.258680555555555525e-01
1.939999999999999947e+00 8.741666666666665642e-02 8.444444444444444697e-02 9.107638888888888729e-02
1.979999999999999982e+00 3.494444444444445158e-02 3.246527777777778040e-02 4.024305555555555275e-02
2.020000000000000018e+00 4.749652777777778334e-02 4.267361111111111355e-02 5.517361111111111077e-02
2.060000000000000053e+00 2.001770833333333388e-01 1.913194444444444309e-01 2.119097222222222354e-01
2.100000000000000089e+00 5.725347222222222365e-01 5.566666666666666430e-01 5.809374999999999956e-01
2.140000000000000124e+00 1.014357638888888635e+00 9.925694444444443931e-01 1.033229166666666643e+00
2.180000000000000160e+00 1.071482638888888728e+00 1.041909722222222223e+00 1.093124999999999902e+00
2.220000000000000195e+00 6.531111111111111978e-01 6.479861111111111516e-01 6.601388888888889417e-01
2.260000000000000231e+00 2.174305555555555713e-01 2.046180555555555669e-01 2.307291666666666796e-01
2.299999999999999822e+00 3.773263888888888501e-02 3.333333333333333287e-02 4.361111111111111438e-02
2.339999999999999858e+00 3.208333333333333870e-03 2.187500000000000208e-03 4.305555555555555525e-03
2.379999999999999893e+00 1.111111111111111164e-04 3.472222222222222219e-05 2.430555555555555486e-04
2.419999999999999929e+00 9.375000000000000195e-05 3.472222222222222219e-05 1.736111111111111177e-04
2.459999999999999964e+00 5.034722222222222116e-04 3.125000000000000065e-04 1.006944444444444423e-03
2.500000000000000000e+00 2.524305555555555244e-03 2.118055555555555750e-03 2.951388888888888812e-03
2.540000000000000036e+00 7.673611111111110217e-03 6.493055555555555733e-03 8.472222222222223001e-03
2.580000000000000071e+00 2.058333333333332849e-02 1.892361111111110980e-02 2.208333333333333329e-02
2.620000000000000107e+00 4.012500000000000094e-02 3.673611111111110827e-02 4.184027777777777485e-02
2.660000000000000142e+00 5.915625000000000050e-02 5.746527777777777485e-02 6.267361111111111049e-02
2.700000000000000178e+00 6.965277777777778567e-02 6.756944444444444586e-02 7.361111111111111327e-02
2.740000000000000213e+00 6.662847222222222088e-02 6.201388888888888923e-02 7.190972222222222210e-02
2.780000000000000249e+00 5.287847222222221560e-02 4.993055555555555441e-02 5.704861111111111244e-02
2.820000000000000284e+00 3.539930555555555192e-02 3.243055555555555275e-02 4.354166666666666602e-02
2.859999999999999876e+00 2.382638888888889001e-02 2.000000000000000042e-02 3.045138888888888895e-02
2.899999999999999911e+00 1.847222222222222321e-02 1.597222222222222099e-02 2.336805555555555511e-02
2.939999999999999947e+00 1.645833333333333523e-02 1.493055555555555629e-02 2.125000000000000153e-02
2.979999999999999982e+00 1.677777777777777687e-02 1.465277777777777846e-02 2.305555555555555483e-02
3.020000000000000018e+00 1.809027777777777804e-02 1.628472222222222127e-02 2.249999999999999917e-02
3.060000000000000053e+00 1.876736111111110966e-02 1.739583333333333259e-02 2.107638888888888756e-02
3.100000000000000089e+00 2.026736111111111099e-02 1.854166666666666810e-02 2.184027777777777790e-02
3.140000000000000124e+00 2.442013888888889053e-02 2.243055555555555428e-02 2.611111111111111271e-02
3.180000000000000160e+00 4.181597222222221966e-02 3.034722222222222335e-02 4.746527777777777984e-02
3.220000000000000195e+00 8.305902777777778023e-02 6.371527777777777346e-02 9.159722222222221877e-02
3.260000000000000231e+00 1.239791666666666403e-01 1.096874999999999933e-01 1.296527777777777835e-01
3.300000000000000266e+00 1.532395833333333179e-01 1.457638888888888873e-01 1.586805555555555469e-01
3.339999999999999858e+00 2.772569444444444309e-01 2.598958333333333259e-01 2.943749999999999978e-01
3.379999999999999893e+00 6.228263888888888600e-01 6.145138888888889150e-01 6.294791666666667007e-01
3.419999999999999929e+00 9.081944444444444153e-01 8.839583333333332904e-01 9.369444444444444686e-01
3.459999999999999964e+00 7.181423611111111827e-01 7.083680555555555980e-01 7.340624999999999512e-01
3.500000000000000000e+00 2.939722222222222459e-01 2.855902777777777901e-01 3.052777777777777590e-01
3.540000000000000036e+00 6.404166666666667729e-02 5.857638888888888618e-02 7.135416666666666297e-02
3.580000000000000071e+00 1.337500000000000147e-02 1.131944444444444448e-02 1.642361111111111105e-02
3.620000000000000107e+00 9.704861111111112021e-03 7.881944444444444892e-03 1.038194444444444364e-02
3.660000000000000142e+00 1.437499999999999889e-02 1.107638888888888909e-02 1.652777777777777665e-02
3.700000000000000178e+00 2.720138888888889300e-02 1.642361111111111105e-02 3.243055555555555275e-02
3.740000000000000213e+00 5.222569444444444958e-02 2.708333333333333426e-02 6.048611111111110855e-02
3.780000000000000249e+00 9.209722222222223309e-02 5.159722222222222487e-02 1.057638888888888934e-01
3.820000000000000284e+00 1.995277777777777761e-01 1.609375000000000111e-01 2.226736111111111138e-01
3.859999999999999876e+00 4.225243055555555349e-01 4.037499999999999978e-01 4.373611111111110894e-01
3.899999999999999911e+00 5.825868055555556424e-01 5.637499999999999734e-01 6.066319444444444597e-01
3.939999999999999947e+00 4.559027777777777679e-01 4.368402777777777857e-01 5.104861111111110850e-01
3.979999999999999982e+00 2.231111111111110934e-01 1.994791666666666796e-01 2.944791666666666807e-01
4.019999999999999574e+00 1.119409722222222126e-01 9.218750000000000555e-02 1.711458333333333304e-01
4.060000000000000497e+00 8.552430555555555480e-02 7.329861111111110605e-02 1.271875000000000089e-01
4.099999999999999645e+00 8.167708333333334458e-02 7.128472222222222154e-02 1.131944444444444448e-01
4.140000000000000568e+00 8.078124999999999889e-02 7.378472222222222376e-02 1.071527777777777773e-01
4.179999999999999716e+00 8.505208333333333370e-02 7.826388888888888284e-02 1.067013888888888873e-01
4.220000000000000639e+00 8.837499999999999523e-02 7.951388888888888395e-02 1.145833333333333287e-01
4.259999999999999787e+00 9.940625000000000155e-02 8.951388888888889284e-02 1.323958333333333237e-01
4.300000000000000711e+00 1.166701388888888857e-01 1.045138888888888923e-01 1.545486111111111227e-01
4.339999999999999858e+00 1.428368055555555571e-01 1.262152777777777735e-01 1.870486111111111238e-01
4.380000000000000782e+00 1.793124999999999580e-01 1.672569444444444442e-01 2.165624999999999911e-01
4.419999999999999929e+00 2.095451388888889266e-01 2.059722222222222232e-01 2.192361111111111038e-01
4.460000000000000853e+00 2.160486111111110663e-01 2.010763888888889017e-01 2.239583333333333426e-01
4.500000000000000000e+00 1.945208333333333095e-01 1.750694444444444442e-01 2.003125000000000044e-01
4.540000000000000924e+00 1.700520833333333259e-01 1.605902777777777901e-01 1.753125000000000100e-01
4.580000000000000071e+00 1.713124999999999787e-01 1.671527777777777890e-01 1.741319444444444364e-01
4.620000000000000107e+00 2.072291666666666587e-01 2.019791666666666541e-01 2.146527777777777757e-01
4.660000000000000142e+00 2.462291666666666656e-01 2.422916666666666552e-01 2.577430555555555447e-01
4.699999999999999289e+00 2.611701388888888475e-01 2.564236111111111160e-01 2.674305555555555602e-01
4.740000000000000213e+00 2.358576388888889430e-01 2.286458333333333259e-01 2.429166666666666696e-01
4.779999999999999361e+00 1.893402777777777601e-01 1.844097222222222110e-01 1.988888888888888928e-01
4.820000000000000284e+00 1.533159722222222077e-01 1.498611111111111116e-01 1.562847222222222276e-01
4.859999999999999432e+00 1.368229166666666829e-01 1.337152777777777801e-01 1.395138888888888817e-01
4.900000000000000355e+00 1.356875000000000164e-01 1.284027777777777823e-01 1.441319444444444375e-01
4.939999999999999503e+00 1.416736111111111529e-01 1.380208333333333426e-01 1.486458333333333381e-01
4.980000000000000426e+00 1.485208333333333519e-01 1.452083333333333282e-01 1.524305555555555691e-01
5.019999999999999574e+00 1.594548611111111236e-01 1.531597222222222110e-01 1.630208333333333370e-01
5.060000000000000497e+00 1.742604166666666676e-01 1.618402777777777912e-01 1.789930555555555580e-01
5.099999999999999645e+00 1.939861111111110814e-01 1.677430555555555480e-01 2.047569444444444497e-01
5.140000000000000568e+00 2.204479166666666878e-01 1.742708333333333470e-01 2.367361111111111194e-01
5.179999999999999716e+00 2.452777777777777612e-01 1.755208333333333204e-01 2.689583333333333548e-01
5.220000000000000639e+00 2.565069444444444402e-01 1.832291666666666652e-01 2.802083333333333370e-01
5.259999999999999787e+00 2.539201388888889244e-01 2.018402777777777712e-01 2.724305555555555647e-01
5.300000000000000711e+00 2.495937499999999754e-01 2.266666666666666552e-01 2.585416666666666696e-01
5.339999999999999858e+00 2.538194444444444309e-01 2.486805555555555436e-01 2.613888888888888928e-01
5.380000000000000782e+00 2.694375000000000520e-01 2.616319444444444309e-01 2.871180555555555292e-01
5.419999999999999929e+00 2.525173611111111160e-01 2.455208333333333270e-01 2.682638888888889128e-01
5.460000000000000853e+00 1.955520833333333208e-01 1.920138888888889006e-01 2.018749999999999989e-01
5.500000000000000000e+00 1.355520833333333230e-01 1.309375000000000122e-01 1.393055555555555436e-01
5.540000000000000924e+00 1.038229166666666536e-01 1.004513888888888956e-01 1.100347222222222282e-01
5.580000000000000071e+00 9.915625000000000133e-02 9.277777777777777846e-02 1.073958333333333293e-01
5.620000000000000107e+00 1.128368055555555721e-01 1.068402777777777840e-01 1.201041666666666646e-01
5.660000000000000142e+00 1.299201388888889253e-01 1.282986111111110994e-01 1.326736111111111172e-01
5.699999999999999289e+00 1.307604166666666567e-01 1.207291666666666652e-01 1.355555555555555680e-01
5.740000000000000213e+00 1.079444444444444401e-01 9.510416666666667018e-02 1.129166666666666652e-01
5.779999999999999361e+00 8.133680555555554414e-02 7.052083333333333814e-02 8.663194444444444198e-02
5.820000000000000284e+00 6.472569444444443987e-02 5.222222222222222543e-02 6.878472222222221932e-02
5.859999999999999432e+00 6.829861111111111549e-02 5.781250000000000278e-02 7.329861111111110605e-02
5.900000000000000355e+00 8.960069444444444808e-02 6.631944444444444475e-02 9.781249999999999667e-02
5.939999999999999503e+00 1.261249999999999871e-01 9.364583333333333093e-02 1.359722222222222165e-01
5.980000000000000426e+00 1.685104166666666625e-01 1.265624999999999944e-01 1.808680555555555458e-01
6.019999999999999574e+00 1.981319444444444300e-01 1.697916666666666741e-01 2.096527777777777712e-01
6.060000000000000497e+00 2.043715277777777284e-01 2.020138888888888817e-01 2.102430555555555580e-01
6.099999999999999645e+00 1.891562499999999702e-01 1.814930555555555602e-01 2.110416666666666552e-01
6.140000000000000568e+00 1.676354166666666479e-01 1.560069444444444342e-01 1.924652777777777768e-01
6.179999999999999716e+00 1.484340277777777828e-01 1.390972222222222332e-01 1.652430555555555458e-01
6.220000000000000639e+00 1.385243055555555325e-01 1.337500000000000078e-01 1.507291666666666641e-01
6.259999999999999787e+00 1.347951388888889157e-01 1.306597222222222188e-01 1.374305555555555558e-01
6.300000000000000711e+00 1.350173611111111227e-01 1.339583333333333459e-01 1.366319444444444309e-01
6.339999999999999858e+00 1.395694444444444682e-01 1.347222222222222154e-01 1.436111111111111061e-01
6.380000000000000782e+00 1.450312500000000004e-01 1.393055555555555436e-01 1.478472222222222132e-01
6.419999999999999929e+00 1.519895833333333446e-01 1.428472222222222088e-01 1.578472222222222221e-01
6.460000000000000853e+00 1.585312499999999847e-01 1.518055555555555547e-01 1.656249999999999944e-01
6.500000000000000000e+00 1.667430555555555471e-01 1.564930555555555658e-01 1.735069444444444497e-01
6.540000000000000924e+00 1.723437499999999900e-01 1.607986111111111005e-01 1.779861111111111227e-01
6.580000000000000071e+00 1.763680555555555418e-01 1.664930555555555469e-01 1.815972222222222154e-01
6.620000000000000995e+00 1.768680555555555423e-01 1.620486111111111016e-01 1.863888888888888817e-01
6.660000000000000142e+00 1.754652777777777894e-01 1.649652777777777801e-01 1.826041666666666785e-01
6.699999999999999289e+00 1.694340277777777737e-01 1.624305555555555503e-01 1.735416666666666774e-01
6.740000000000000213e+00 1.602916666666666656e-01 1.571180555555555525e-01 1.649652777777777801e-01
6.779999999999999361e+00 1.480659722222222308e-01 1.451041666666666730e-01 1.512847222222222232e-01
6.820000000000000284e+00 1.332361111111110830e-01 1.289583333333333415e-01 1.411458333333333315e-01
6.859999999999999432e+00 1.180138888888888904e-01 1.134722222222222243e-01 1.267361111111111049e-01
6.900000000000000355e+00 1.033194444444444499e-01 9.743055555555556191e-02 1.077430555555555503e-01
6.939999999999999503e+00 9.241666666666666086e-02 8.784722222222221544e-02 9.791666666666666574e-02
6.980000000000000426e+00 8.463194444444446796e-02 8.138888888888888562e-02 9.107638888888888729e-02
7.019999999999999574e+00 7.572222222222221855e-02 7.281250000000000222e-02 8.090277777777778179e-02
7.060000000000000497e+00 6.737847222222222154e-02 6.340277777777778012e-02 7.097222222222222821e-02
7.099999999999999645e+00 5.864236111111111038e-02 5.538194444444444198e-02 6.152777777777777846e-02
7.140000000000000568e+00 4.841319444444445314e-02 4.659722222222222043e-02 5.097222222222222432e-02
7.179999999999999716e+00 3.646874999999999423e-02 3.395833333333333343e-02 3.965277777777777984e-02
7.220000000000000639e+00 2.746180555555555874e-02 2.531250000000000167e-02 2.965277777777777790e-02
7.259999999999999787e+00 1.989236111111111066e-02 1.861111111111110952e-02 2.243055555555555428e-02
7.300000000000000711e+00 1.598263888888888998e-02 1.409722222222222279e-02 1.798611111111111244e-02
7.339999999999999858e+00 1.783680555555555713e-02 1.479166666666666650e-02 1.944444444444444475e-02
7.380000000000000782e+00 2.345486111111111036e-02 2.118055555555555663e-02 2.527777777777777748e-02
7.419999999999999929e+00 3.406597222222221971e-02 3.152777777777777957e-02 3.638888888888888729e-02
7.460000000000000853e+00 4.511458333333333293e-02 4.072916666666666352e-02 4.847222222222222210e-02
7.500000000000000000e+00 5.311458333333333309e-02 4.899305555555555358e-02 5.548611111111111105e-02
7.540000000000000924e+00 5.386805555555555791e-02 5.197916666666666657e-02 5.576388888888889062e-02
7.580000000000000071e+00 4.666319444444443770e-02 4.493055555555555691e-02 5.003472222222222349e-02
7.620000000000000995e+00 3.330208333333333631e-02 3.145833333333333121e-02 3.694444444444444642e-02
7.660000000000000142e+00 1.968402777777777599e-02 1.798611111111111244e-02 2.243055555555555428e-02
7.699999999999999289e+00 9.100694444444442505e-03 7.465277777777778144e-03 1.211805555555555552e-02
7.740000000000000213e+00 3.406250000000000423e-03 2.743055555555555438e-03 4.895833333333333634e-03
7.779999999999999361e+00 8.611111111111108881e-04 4.861111111111110971e-04 1.319444444444444484e-03
7.820000000000000284e+00 1.944444444444444605e-04 3.472222222222222219e-05 3.819444444444444644e-04
7.859999999999999432e+00 3.125000000000000065e-05 0.000000000000000000e+00 6.944444444444444438e-05
7.900000000000000355e+00 0.000000000000000000e+00 0.000000000000000000e+00 0.000000000000000000e+00
7.939999999999999503e+00 0.000000000000000000e+00 0.000000000000000000e+00 0.000000000000000000e+00
7.980000000000000426e+00 0.000000000000000000e+00 0.000000000000000000e+00 0.000000000000000000e+00
