# r_A g_mean g_min g_max
2.000000000000000042e-02 0.000000000000000000e+00 0.000000000000000000e+00 0.000000000000000000e+00
5.999999999999999778e-02 0.000000000000000000e+00 0.000000000000000000e+00 0.000000000000000000e+00
1.000000000000000056e-01 0.000000000000000000e+00 0.000000000000000000e+00 0.000000000000000000e+00
1.400000000000000133e-01 0.000000000000000000e+00 0.000000000000000000e+00 0.000000000000000000e+00
1.799999999999999933e-01 0.000000000000000000e+00 0.000000000000000000e+00 0.000000000000000000e+00
2.200000000000000011e-01 0.000000000000000000e+00 0.000000000000000000e+00 0.000000000000000000e+00
2.600000000000000089e-01 0.000000000000000000e+00 0.000000000000000000e+00 0.000000000000000000e+00
3.000000000000000444e-01 0.000000000000000000e+00 0.000000000000000000e+00 0.000000000000000000e+00
3.399999999999999689e-01 0.000000000000000000e+00 0.000000000000000000e+00 0.000000000000000000e+00
3.800000000000000044e-01 0.000000000000000000e+00 0.000000000000000000e+00 0.000000000000000000e+00
4.200000000000000400e-01 0.000000000000000000e+00 0.000000000000000000e+00 0.000000000000000000e+00
4.599999999999999645e-01 0.000000000000000000e+00 0.000000000000000000e+00 0.000000000000000000e+00
5.000000000000000000e-01 0.000000000000000000e+00 0.000000000000000000e+00 0.000000000000000000e+00
5.400000000000000355e-01 0.000000000000000000e+00 0.000000000000000000e+00 0.000000000000000000e+00
5.800000000000000711e-01 0.000000000000000000e+00 0.000000000000000000e+00 0.000000000000000000e+00
6.199999999999999956e-01 0.000000000000000000e+00 0.000000000000000000e+00 0.000000000000000000e+00
6.600000000000000311e-01 0.000000000000000000e+00 0.000000000000000000e+00 0.000000000000000000e+00
6.999999999999999556e-01 0.000000000000000000e+00 0.000000000000000000e+00 0.000000000000000000e+00
7.399999999999999911e-01 0.000000000000000000e+00 0.000000000000000000e+00 0.000000000000000000e+00
7.800000000000000266e-01 0.000000000000000000e+00 0.000000000000000000e+00 0.000000000000000000e+00
8.200000000000000622e-01 0.000000000000000000e+00 0.000000000000000000e+00 0.000000000000000000e+00
8.599999999999999867e-01 0.000000000000000000e+00 0.000000000000000000e+00 0.000000000000000000e+00
9.000000000000000222e-01 0.000000000000000000e+00 0.000000000000000000e+00 0.000000000000000000e+00
9.399999999999999467e-01 0.000000000000000000e+00 0.000000000000000000e+00 0.000000000000000000e+00
9.799999999999999822e-01 0.000000000000000000e+00 0.000000000000000000e+00 0.000000000000000000e+00
1.020000000000000018e+00 0.000000000000000000e+00 0.000000000000000000e+00 0.000000000000000000e+00
1.060000000000000053e+00 0.000000000000000000e+00 0.000000000000000000e+00 0.000000000000000000e+00
1.100000000000000089e+00 0.000000000000000000e+00 0.000000000000000000e+00 0.000000000000000000e+00
1.140000000000000124e+00 0.000000000000000000e+00 0.000000000000000000e+00 0.000000000000000000e+00
1.179999999999999938e+00 0.000000000000000000e+00 0.000000000000000000e+00 0.000000000000000000e+00
1.219999999999999973e+00 0.000000000000000000e+00 0.000000000000000000e+00 0.000000000000000000e+00
1.260000000000000009e+00 0.000000000000000000e+00 0.000000000000000000e+00 0.000000000000000000e+00
1.300000000000000044e+00 0.000000000000000000e+00 0.000000000000000000e+00 0.000000000000000000e+00
1.340000000000000080e+00 0.000000000000000000e+00 0.000000000000000000e+00 0.000000000000000000e+00
1.380000000000000115e+00 0.000000000000000000e+00 0.000000000000000000e+00 0.000000000000000000e+00
1.419999999999999929e+00 0.000000000000000000e+00 0.000000000000000000e+00 0.000000000000000000e+00
1.459999999999999964e+00 0.000000000000000000e+00 0.000000000000000000e+00 0.000000000000000000e+00
1.500000000000000000e+00 0.000000000000000000e+00 0.000000000000000000e+00 0.000000000000000000e+00
1.540000000000000036e+00 1.303404455762664240e-04 0.000000000000000000e+00 3.724325431556209181e-04
1.580000000000000071e+00 2.412358816272908938e-03 1.397449561387164229e-03 4.381549017414326265e-03
1.620000000000000107e+00 1.760391571364617810e-02 1.480750246791707678e-02 2.321288734757802688e-02
1.660000000000000142e+00 8.721728888538207713e-02 7.608634915904560758e-02 9.881791400976991380e-02
1.699999999999999956e+00 2.836410531820552361e-01 2.722159101491925526e-01 2.930949110011578096e-01
1.739999999999999991e+00 6.024723190755812974e-01 5.909366751179266908e-01 6.196446725081086182e-01
1.780000000000000027e+00 8.063121613510148000e-01 7.840684440373939523e-01 8.404887407103874830e-01
1.820000000000000062e+00 6.475491749718268464e-01 6.269344072789647671e-01 6.569710061265152667e-01
1.860000000000000098e+00 2.814054957228012133e-01 2.677457207249157034e-01 2.911399485401051090e-01
1.899999999999999911e+00 6.090603419493022253e-02 5.196595205721842026e-02 7.513890442629674038e-02
1.939999999999999947e+00 4.508021274809746216e-03 2.330081161387013468e-03 7.457955774322257841e-03
1.979999999999999982e+00 6.523468361567344735e-05 0.000000000000000000e+00 4.661222358951411151e-04
2.020000000000000018e+00 0.000000000000000000e+00 0.000000000000000000e+00 0.000000000000000000e+00
2.060000000000000053e+00 2.793956502199232978e-05 0.000000000000000000e+00 9.322444717902822302e-05
2.100000000000000089e+00 1.489896353888234574e-04 0.000000000000000000e+00 3.723826156899691549e-04
2.140000000000000124e+00 1.043198870011569903e-03 1.861511025729805323e-04 1.675721770604861197e-03
2.180000000000000160e+00 3.520580707069179832e-03 2.794899122774328459e-03 4.468591388279629859e-03
2.220000000000000195e+00 1.154008246674226648e-02 9.680938604232058528e-03 1.480220897367627401e-02
2.260000000000000231e+00 3.164908397044595423e-02 2.710052338467842242e-02 3.445001024189493777e-02
2.299999999999999822e+00 7.512726326686486322e-02 6.868975684942980886e-02 8.463529543211485706e-02
2.339999999999999858e+00 1.477037849874751063e-01 1.407302335451732778e-01 1.573845815322992836e-01
2.379999999999999893e+00 2.448946758582327132e-01 2.394741252490642514e-01 2.504663085119452903e-01
2.419999999999999929e+00 3.548113180741989114e-01 3.460365456299038245e-01 3.669038231713446230e-01
2.459999999999999964e+00 4.344276341953226539e-01 4.231197470777274261e-01 4.438525582521559154e-01
2.500000000000000000e+00 4.499989532615451537e-01 4.327666151468315126e-01 4.607088975395332020e-01
2.540000000000000036e+00 3.958782543688582622e-01 3.790432207966331624e-01 4.088360744286538839e-01
2.580000000000000071e+00 2.973693204819368163e-01 2.879168174003199909e-01 3.050166575987717232e-01
2.620000000000000107e+00 1.896164033206121924e-01 1.827189927173163697e-01 1.983203292303681309e-01
2.660000000000000142e+00 9.678183935439368946e-02 8.949691743187616899e-02 1.078047672422460662e-01
2.700000000000000178e+00 4.049729703078378679e-02 3.605419868378884063e-02 4.459879704288560731e-02
2.740000000000000213e+00 1.439041108269586457e-02 1.182737618506584168e-02 2.011135733040353077e-02
2.780000000000000249e+00 3.893054524811745236e-03 2.889957862549874697e-03 5.119689020780352449e-03
2.820000000000000284e+00 9.873747733399316530e-04 3.723022051459610646e-04 1.582449333695745176e-03
2.859999999999999876e+00 2.701827187454437459e-04 9.307555128649026616e-05 7.457955774322257841e-04
2.899999999999999911e+00 2.330427839222520457e-04 0.000000000000000000e+00 1.398366707685423345e-03
2.939999999999999947e+00 3.169470653472571597e-04 0.000000000000000000e+00 1.864488943580564460e-03
2.979999999999999982e+00 4.194893362013508249e-04 0.000000000000000000e+00 2.237386732296677352e-03
3.020000000000000018e+00 5.220375145138090971e-04 0.000000000000000000e+00 3.169631204086959583e-03
3.060000000000000053e+00 6.898026766278396883e-04 0.000000000000000000e+00 2.703508968191818251e-03
3.100000000000000089e+00 1.146440072747009677e-03 0.000000000000000000e+00 5.500242383562664941e-03
3.140000000000000124e+00 1.761135112616035682e-03 3.723437924704638396e-04 6.805384644069059630e-03
3.180000000000000160e+00 3.353814556119425784e-03 2.047662128302785937e-03 7.644404668680313854e-03
3.220000000000000195e+00 7.302100257056393269e-03 6.246899859398134455e-03 8.377672943095122032e-03
3.260000000000000231e+00 1.665191002329140246e-02 9.695342506618935194e-03 1.964113505281696662e-02
3.300000000000000266e+00 3.105789074360657681e-02 1.155983145019949879e-02 3.732718722423493396e-02
3.339999999999999858e+00 5.146137830752262055e-02 1.239885147481075388e-02 6.623910920975158156e-02
3.379999999999999893e+00 7.488969498008930803e-02 1.389044262967520545e-02 9.662321414608536496e-02
3.419999999999999929e+00 9.357080147444878093e-02 1.650072715068799309e-02 1.155067591465344101e-01
3.459999999999999964e+00 1.047461884120105546e-01 2.069582727374426334e-02 1.297764826008213357e-01
3.500000000000000000e+00 1.028456974164188020e-01 2.088227616810232196e-02 1.353318515705568270e-01
3.540000000000000036e+00 9.177431043865960647e-02 2.069582727374426334e-02 1.154136835952479234e-01
3.580000000000000071e+00 7.488335579796387420e-02 2.628929410448595932e-02 9.247704371472739715e-02
3.620000000000000107e+00 5.653969565274656606e-02 2.871312973114069009e-02 6.590436048568162897e-02
3.660000000000000142e+00 3.971279654550709248e-02 2.694186523473915407e-02 4.442250740375122686e-02
3.700000000000000178e+00 2.773854478971599091e-02 2.466777625116822747e-02 3.188276093522764837e-02
3.740000000000000213e+00 1.968375979286604571e-02 1.499376036059527940e-02 3.486594324495655151e-02
3.780000000000000249e+00 1.598755815947571976e-02 9.592281472927413621e-03 3.738300331879031851e-02
3.820000000000000284e+00 1.406952402562841077e-02 6.610677641012271608e-03 4.101875675877241639e-02
3.859999999999999876e+00 1.441539743906692858e-02 5.773994673024268436e-03 4.651899914233507960e-02
3.899999999999999911e+00 1.610172922676907786e-02 6.055614766011045355e-03 5.080732371257037916e-02
3.939999999999999947e+00 1.762113765921887593e-02 6.705284136415279837e-03 5.276503710332997032e-02
3.979999999999999982e+00 2.052706427833127581e-02 1.052745336244997193e-02 6.115523734944251083e-02
4.019999999999999574e+00 2.374094142890970788e-02 1.183173961974465747e-02 6.190103292687473835e-02
4.060000000000000497e+00 2.651682886213255902e-02 1.433673070406381311e-02 6.535033747249878455e-02
4.099999999999999645e+00 3.638135778937784393e-02 2.301133611084197131e-02 7.896110676063690381e-02
4.140000000000000568e+00 6.052400563719869536e-02 4.439703796365585681e-02 1.100048476712532919e-01
4.179999999999999716e+00 1.214295884844336093e-01 9.763625329952828336e-02 1.718126561509490113e-01
4.220000000000000639e+00 2.420956985844263387e-01 2.144460701640735767e-01 2.959876197934145914e-01
4.259999999999999787e+00 3.953423642357108969e-01 3.643321353419861630e-01 4.672409292612894061e-01
4.300000000000000711e+00 5.035642665892020586e-01 4.548332433288020393e-01 5.792967147704813913e-01
4.339999999999999858e+00 4.757553712676583224e-01 4.469953941415863996e-01 5.723981056792332156e-01
4.380000000000000782e+00 3.359582812342473135e-01 2.994552650881889821e-01 4.529775888428981268e-01
4.419999999999999929e+00 1.991282058947911882e-01 1.552500195458657584e-01 3.343028675839951891e-01
4.460000000000000853e+00 1.351146332560325125e-01 9.252743242891026121e-02 2.798597904314427121e-01
4.500000000000000000e+00 1.153030641439769938e-01 7.650810315749499713e-02 2.568333519782227681e-01
4.540000000000000924e+00 1.116277018436405283e-01 8.015535802726586612e-02 2.309169556624529052e-01
4.580000000000000071e+00 1.123406117664387666e-01 8.109718627213645392e-02 2.069582727374426334e-01
4.620000000000000107e+00 1.100160550127806253e-01 8.617605628554179942e-02 1.872879143826677029e-01
4.660000000000000142e+00 1.092476111587261239e-01 9.238391476838829497e-02 1.640750270350896656e-01
4.699999999999999289e+00 1.127367636473702861e-01 9.866008436367967871e-02 1.513965022187418186e-01
4.740000000000000213e+00 1.161082811544705828e-01 1.016036804559593137e-01 1.546593578700078131e-01
4.779999999999999361e+00 1.191526635301739800e-01 1.075142700758464215e-01 1.521422977961740530e-01
4.820000000000000284e+00 1.222615592202110496e-01 1.118478645532604288e-01 1.475742998844016829e-01
4.859999999999999432e+00 1.442533565271832408e-01 1.293885043433579962e-01 1.669649848976395290e-01
4.900000000000000355e+00 2.311533061859276650e-01 2.178158049682126784e-01 2.648506544356191705e-01
4.939999999999999503e+00 3.955372112605724522e-01 3.832256141854010756e-01 4.193235634112689181e-01
4.980000000000000426e+00 4.488608099688916608e-01 4.283000242135260316e-01 4.742327627997165451e-01
5.019999999999999574e+00 3.136636061973427925e-01 3.023409079908105923e-01 3.302942163552969879e-01
5.060000000000000497e+00 1.791492670889642536e-01 1.713273162260663396e-01 1.909236678226498007e-01
5.099999999999999645e+00 1.370019735858210574e-01 1.321820463270146628e-01 1.425401797367341350e-01
5.140000000000000568e+00 1.282664473793299342e-01 1.211843677750103210e-01 1.364994237934159527e-01
5.179999999999999716e+00 1.243802406057798182e-01 1.187409359842822032e-01 1.282768393183428279e-01
5.220000000000000639e+00 1.179542469779701064e-01 1.124066382312950418e-01 1.234310480282681255e-01
5.259999999999999787e+00 1.149442235370949500e-01 1.089365188730191114e-01 1.230687247061629380e-01
5.300000000000000711e+00 1.126895220709629442e-01 1.062517009592478107e-01 1.201806622792961354e-01
5.339999999999999858e+00 1.046235598206735062e-01 9.900436290412796547e-02 1.109165750898694208e-01
5.380000000000000782e+00 1.011109108614896002e-01 8.837677592571875629e-02 1.121677321825513551e-01
5.419999999999999929e+00 9.407917214011546347e-02 8.110526904575454665e-02 9.933306273529926567e-02
5.460000000000000853e+00 8.720562285713136241e-02 7.644404668680314374e-02 9.133908120891602589e-02
5.500000000000000000e+00 8.145814517944274802e-02 7.085057985606144082e-02 8.766666915102144797e-02
5.540000000000000924e+00 7.710820470377473257e-02 6.274005295148599171e-02 8.543074985280198208e-02
5.580000000000000071e+00 7.224578096709463604e-02 5.621434164895401653e-02 7.904880728478054508e-02
5.620000000000000107e+00 7.225406810316491180e-02 4.931573255770593106e-02 8.111531226135706985e-02
5.660000000000000142e+00 7.760642052463420648e-02 4.549353022336576763e-02 9.215440237404634582e-02
5.699999999999999289e+00 8.878983126776027190e-02 4.120520565313047501e-02 1.036038887296096694e-01
5.740000000000000213e+00 1.086993950609169285e-01 4.418838796285937814e-02 1.313755795981452756e-01
5.779999999999999361e+00 1.293717414118566444e-01 4.064585897005630610e-02 1.572221663706533379e-01
5.820000000000000284e+00 1.487690502477160559e-01 5.006152813513815164e-02 1.785388484895873984e-01
5.859999999999999432e+00 1.581114315690866079e-01 5.854495282842972492e-02 1.901533512782996038e-01
5.900000000000000355e+00 1.584908297945114009e-01 8.222396241190288446e-02 1.802573508873205332e-01
5.939999999999999503e+00 1.495479101059178362e-01 1.131744788753402536e-01 1.649313639665480613e-01
5.980000000000000426e+00 1.313308610404157750e-01 1.255720088915035504e-01 1.443114442331356884e-01
6.019999999999999574e+00 1.140810158008601638e-01 9.727481578290866904e-02 1.639818025879106467e-01
6.060000000000000497e+00 9.770887901332528380e-02 7.943899122725324446e-02 1.587612335458850610e-01
6.099999999999999645e+00 8.658755511729286647e-02 6.968615146117325410e-02 1.499981355110563963e-01
6.140000000000000568e+00 7.527541320206922182e-02 6.293266205160479021e-02 1.076742364917775974e-01
6.179999999999999716e+00 7.053837600150626719e-02 6.236061936194847721e-02 8.343588022523025505e-02
6.220000000000000639e+00 6.675151929511113913e-02 5.724770915926051529e-02 7.187948082903483638e-02
6.259999999999999787e+00 6.824777964681699727e-02 4.297647014953200756e-02 7.688899314515078298e-02
6.300000000000000711e+00 7.501859764611336356e-02 5.071409926539135332e-02 8.591833011255953223e-02
6.339999999999999858e+00 8.601904863413542546e-02 6.040944177201028331e-02 1.002535661226723884e-01
6.380000000000000782e+00 1.018907487438235615e-01 8.418167580266247563e-02 1.101469246382748846e-01
6.419999999999999929e+00 1.299562456435787161e-01 1.186910973285645599e-01 1.358903048782757750e-01
6.460000000000000853e+00 1.719918104343398091e-01 1.579440054003050653e-01 1.797677077243326205e-01
6.500000000000000000e+00 2.242522153511898042e-01 2.082634149979490368e-01 2.327391348062307075e-01
6.540000000000000924e+00 2.774784670261788433e-01 2.439683782675168555e-01 2.898998663146409860e-01
6.580000000000000071e+00 3.089699021021742320e-01 2.342730357608979186e-01 3.365990176861216598e-01
6.620000000000000995e+00 3.042074407141993619e-01 2.166536152440615703e-01 3.325030066761242020e-01
6.660000000000000142e+00 2.718597095733040758e-01 1.918559122944400730e-01 3.015031406965010818e-01
6.699999999999999289e+00 2.397552756486961978e-01 1.698549427601894202e-01 2.678993636691973657e-01
6.740000000000000213e+00 2.161225122777667151e-01 1.588544579930640799e-01 2.353368473989085052e-01
6.779999999999999361e+00 2.119241772909410404e-01 1.733974717529924991e-01 2.293765948332060212e-01
6.820000000000000284e+00 2.191150003756855702e-01 1.828131409180743239e-01 2.349471834263565373e-01
6.859999999999999432e+00 2.365799199856376267e-01 1.978222769138978931e-01 2.498649630278082789e-01
6.900000000000000355e+00 2.544440028447462199e-01 2.227132043106984094e-01 2.708801090222624497e-01
6.939999999999999503e+00 2.892375489385590193e-01 2.434090315844426866e-01 3.092292168551332709e-01
6.980000000000000426e+00 3.406273451077087011e-01 2.649438788827981894e-01 3.690311721487594121e-01
7.019999999999999574e+00 4.060715797735346411e-01 3.080135734795092506e-01 4.398750553799529728e-01
7.060000000000000497e+00 4.612120229721588527e-01 3.552783681992765508e-01 4.993553099356800584e-01
7.099999999999999645e+00 4.747733337417731070e-01 4.243576835589364382e-01 4.982373502865702908e-01
7.140000000000000568e+00 4.407538496851229892e-01 4.333252639615649549e-01 4.576388112018495158e-01
7.179999999999999716e+00 3.790850469664160949e-01 3.581197409314839653e-01 4.353581683260617785e-01
7.220000000000000639e+00 3.227900105121325192e-01 3.026816927836663562e-01 3.674907707797292478e-01
7.259999999999999787e+00 2.815480129792028441e-01 2.740172436267480638e-01 2.950553753216242914e-01
7.300000000000000711e+00 2.528931219300275535e-01 2.436887049259797711e-01 2.636468919084981599e-01
7.339999999999999858e+00 2.308605317921172129e-01 1.995003169631203999e-01 2.446553785083097343e-01
7.380000000000000782e+00 2.092445596678866038e-01 1.843979565201178117e-01 2.234987665178538030e-01
7.419999999999999929e+00 1.912040593391133858e-01 1.733042473058134525e-01 2.005056391047432551e-01
7.460000000000000853e+00 1.738526537502273761e-01 1.577357646269157421e-01 1.840227979660638002e-01
7.500000000000000000e+00 1.549275749588865658e-01 1.366670395644553615e-01 1.614110340359460605e-01
7.540000000000000924e+00 1.437331131708354248e-01 1.361076928813811926e-01 1.523249101506489456e-01
7.580000000000000071e+00 1.362261379606713174e-01 1.297863373773463225e-01 1.399856291348813564e-01
7.620000000000000995e+00 1.388732588543904467e-01 1.320240328493695325e-01 1.470149532013275140e-01
7.660000000000000142e+00 1.449370370990979984e-01 1.370858090111568284e-01 1.513965022187418186e-01
7.699999999999999289e+00 1.611443043101808414e-01 1.565497587960289760e-01 1.699481672073684391e-01
7.740000000000000213e+00 1.784959883819138560e-01 1.660170078927951098e-01 1.902710966923965852e-01
7.779999999999999361e+00 1.926273207831162015e-01 1.835161356399322152e-01 2.041615393220717889e-01
7.820000000000000284e+00 2.053862527083158418e-01 1.970168153293234692e-01 2.115262706492150313e-01
7.859999999999999432e+00 2.103418627016960529e-01 2.014379917265209374e-01 2.198535801262806177e-01
7.900000000000000355e+00 2.105484420239410182e-01 1.995039863559009696e-01 2.217183263529666215e-01
7.939999999999999503e+00 2.035798880060875615e-01 1.956666629432287363e-01 2.114622221061935869e-01
7.980000000000000426e+00 1.944222423614405115e-01 1.839832085031185838e-01 2.040276359625259883e-01
