# r_A g_mean g_min g_max
2.000000000000000042e-02 0.000000000000000000e+00 0.000000000000000000e+00 0.000000000000000000e+00
5.999999999999999778e-02 0.000000000000000000e+00 0.000000000000000000e+00 0.000000000000000000e+00
1.000000000000000056e-01 0.000000000000000000e+00 0.000000000000000000e+00 0.000000000000000000e+00
1.400000000000000133e-01 0.000000000000000000e+00 0.000000000000000000e+00 0.000000000000000000e+00
1.799999999999999933e-01 0.000000000000000000e+00 0.000000000000000000e+00 0.000000000000000000e+00
2.200000000000000011e-01 0.000000000000000000e+00 0.000000000000000000e+00 0.000000000000000000e+00
2.600000000000000089e-01 0.000000000000000000e+00 0.000000000000000000e+00 0.000000000000000000e+00
3.000000000000000444e-01 0.000000000000000000e+00 0.000000000000000000e+00 0.000000000000000000e+00
3.399999999999999689e-01 0.000000000000000000e+00 0.000000000000000000e+00 0.000000000000000000e+00
3.800000000000000044e-01 0.000000000000000000e+00 0.000000000000000000e+00 0.000000000000000000e+00
4.200000000000000400e-01 0.000000000000000000e+00 0.000000000000000000e+00 0.000000000000000000e+00
4.599999999999999645e-01 0.000000000000000000e+00 0.000000000000000000e+00 0.000000000000000000e+00
5.000000000000000000e-01 0.000000000000000000e+00 0.000000000000000000e+00 0.000000000000000000e+00
5.400000000000000355e-01 0.000000000000000000e+00 0.000000000000000000e+00 0.000000000000000000e+00
5.800000000000000711e-01 0.000000000000000000e+00 0.000000000000000000e+00 0.000000000000000000e+00
6.199999999999999956e-01 0.000000000000000000e+00 0.000000000000000000e+00 0.000000000000000000e+00
6.600000000000000311e-01 0.000000000000000000e+00 0.000000000000000000e+00 0.000000000000000000e+00
6.999999999999999556e-01 0.000000000000000000e+00 0.000000000000000000e+00 0.000000000000000000e+00
7.399999999999999911e-01 0.000000000000000000e+00 0.000000000000000000e+00 0.000000000000000000e+00
7.800000000000000266e-01 0.000000000000000000e+00 0.000000000000000000e+00 0.000000000000000000e+00
8.200000000000000622e-01 0.000000000000000000e+00 0.000000000000000000e+00 0.000000000000000000e+00
8.599999999999999867e-01 0.000000000000000000e+00 0.000000000000000000e+00 0.000000000000000000e+00
9.000000000000000222e-01 0.000000000000000000e+00 0.000000000000000000e+00 0.000000000000000000e+00
9.399999999999999467e-01 0.000000000000000000e+00 0.000000000000000000e+00 0.000000000000000000e+00
9.799999999999999822e-01 0.000000000000000000e+00 0.000000000000000000e+00 0.000000000000000000e+00
1.020000000000000018e+00 0.000000000000000000e+00 0.000000000000000000e+00 0.000000000000000000e+00
1.060000000000000053e+00 0.000000000000000000e+00 0.000000000000000000e+00 0.000000000000000000e+00
1.100000000000000089e+00 0.000000000000000000e+00 0.000000000000000000e+00 0.000000000000000000e+00
1.140000000000000124e+00 0.000000000000000000e+00 0.000000000000000000e+00 0.000000000000000000e+00
1.179999999999999938e+00 0.000000000000000000e+00 0.000000000000000000e+00 0.000000000000000000e+00
1.219999999999999973e+00 0.000000000000000000e+00 0.000000000000000000e+00 0.000000000000000000e+00
1.260000000000000009e+00 6.944444444444444777e-06 0.000000000000000000e+00 6.944444444444444438e-05
1.300000000000000044e+00 1.520833333333333455e-03 9.027777777777777363e-04 2.083333333333333304e-03
1.340000000000000080e+00 1.091388888888888964e-01 9.625000000000000222e-02 1.226388888888888945e-01
1.380000000000000115e+00 1.126326388888888808e+00 1.119444444444444464e+00 1.136875000000000080e+00
1.419999999999999929e+00 2.150451388888888538e+00 2.116597222222222019e+00 2.186249999999999805e+00
1.459999999999999964e+00 1.063263888888888786e+00 1.037708333333333233e+00 1.077152777777777848e+00
1.500000000000000000e+00 5.933263888888888893e-01 5.840972222222222676e-01 6.029166666666666563e-01
1.540000000000000036e+00 3.818402777777777923e-01 3.754861111111111316e-01 3.868750000000000244e-01
1.580000000000000071e+00 1.138402777777777902e-01 1.106250000000000011e-01 1.177083333333333315e-01
1.620000000000000107e+00 1.513194444444444439e-02 1.284722222222222168e-02 1.763888888888888798e-02
1.660000000000000142e+00 7.013888888888888734e-04 3.472222222222222355e-04 9.027777777777777363e-04
1.699999999999999956e+00 6.944444444444444777e-06 0.000000000000000000e+00 6.944444444444444438e-05
1.739999999999999991e+00 0.000000000000000000e+00 0.000000000000000000e+00 0.000000000000000000e+00
1.780000000000000027e+00 0.000000000000000000e+00 0.000000000000000000e+00 0.000000000000000000e+00
1.820000000000000062e+00 0.000000000000000000e+00 0.000000000000000000e+00 0.000000000000000000e+00
1.860000000000000098e+00 0.000000000000000000e+00 0.000000000000000000e+00 0.000000000000000000e+00
1.899999999999999911e+00 0.000000000000000000e+00 0.000000000000000000e+00 0.000000000000000000e+00
1.939999999999999947e+00 0.000000000000000000e+00 0.000000000000000000e+00 0.000000000000000000e+00
1.979999999999999982e+00 0.000000000000000000e+00 0.000000000000000000e+00 0.000000000000000000e+00
2.020000000000000018e+00 0.000000000000000000e+00 0.000000000000000000e+00 0.000000000000000000e+00
2.060000000000000053e+00 0.000000000000000000e+00 0.000000000000000000e+00 0.000000000000000000e+00
2.100000000000000089e+00 0.000000000000000000e+00 0.000000000000000000e+00 0.000000000000000000e+00
2.140000000000000124e+00 1.388888888888888955e-05 0.000000000000000000e+00 6.944444444444444438e-05
2.180000000000000160e+00 7.291666666666665915e-04 2.083333333333333467e-04 1.180555555555555568e-03
2.220000000000000195e+00 9.201388888888887424e-03 7.569444444444444614e-03 1.034722222222222293e-02
2.260000000000000231e+00 5.589583333333332515e-02 5.173611111111110772e-02 6.131944444444444725e-02
2.299999999999999822e+00 1.597708333333333341e-01 1.469444444444444331e-01 1.661111111111110983e-01
2.339999999999999858e+00 2.723333333333333717e-01 2.628472222222222321e-01 2.844444444444444442e-01
2.379999999999999893e+00 5.664930555555554026e-01 5.378472222222222543e-01 5.929166666666666474e-01
2.419999999999999929e+00 1.361923611111111043e+00 1.338402777777777830e+00 1.384513888888888822e+00
2.459999999999999964e+00 1.740499999999999714e+00 1.709027777777777812e+00 1.776250000000000107e+00
2.500000000000000000e+00 1.101694444444444532e+00 1.080555555555555491e+00 1.120000000000000107e+00
2.540000000000000036e+00 5.359583333333334254e-01 5.252777777777777324e-01 5.551388888888888484e-01
2.580000000000000071e+00 2.969652777777777586e-01 2.861111111111110938e-01 3.046527777777777724e-01
2.620000000000000107e+00 1.197083333333333333e-01 1.095138888888888828e-01 1.262500000000000011e-01
2.660000000000000142e+00 2.677777777777777882e-02 2.347222222222222071e-02 2.916666666666666713e-02
2.700000000000000178e+00 1.670833333333333198e-02 1.236111111111111091e-02 2.159722222222222252e-02
2.740000000000000213e+00 1.193888888888888777e-01 1.086111111111111166e-01 1.298611111111111216e-01
2.780000000000000249e+00 4.275347222222222188e-01 4.229166666666666630e-01 4.349999999999999978e-01
2.820000000000000284e+00 7.088333333333334263e-01 6.922916666666666385e-01 7.284722222222221877e-01
2.859999999999999876e+00 5.704930555555556282e-01 5.612500000000000266e-01 5.801388888888888706e-01
2.899999999999999911e+00 2.222013888888888788e-01 2.088888888888889017e-01 2.315972222222222321e-01
2.939999999999999947e+00 6.174305555555555103e-02 4.951388888888889200e-02 8.076388888888888506e-02
2.979999999999999982e+00 5.018750000000000988e-02 4.354166666666666602e-02 6.708333333333332815e-02
3.020000000000000018e+00 7.111111111111111105e-02 6.618055555555556191e-02 8.368055555555554970e-02
3.060000000000000053e+00 9.656250000000000944e-02 9.243055555555555747e-02 1.010416666666666685e-01
3.100000000000000089e+00 1.201388888888888784e-01 1.109027777777777807e-01 1.278472222222222232e-01
3.140000000000000124e+00 1.387291666666666534e-01 1.121527777777777818e-01 1.501388888888888773e-01
3.180000000000000160e+00 1.477430555555555303e-01 1.159027777777777712e-01 1.605555555555555625e-01
3.220000000000000195e+00 1.536805555555555702e-01 1.199305555555555541e-01 1.697916666666666741e-01
3.260000000000000231e+00 1.478055555555555789e-01 1.127777777777777823e-01 1.609027777777777835e-01
3.300000000000000266e+00 1.402986111111111378e-01 1.109027777777777807e-01 1.543750000000000122e-01
3.339999999999999858e+00 1.283611111111111203e-01 1.099305555555555591e-01 1.362500000000000100e-01
3.379999999999999893e+00 1.136736111111111142e-01 9.819444444444444531e-02 1.228472222222222188e-01
3.419999999999999929e+00 1.008472222222222409e-01 9.708333333333332704e-02 1.053472222222222171e-01
3.459999999999999964e+00 8.820833333333333304e-02 8.118055555555556135e-02 9.118055555555555636e-02
3.500000000000000000e+00 7.664583333333332971e-02 7.284722222222221599e-02 8.284722222222222487e-02
3.540000000000000036e+00 6.977083333333333748e-02 6.645833333333332760e-02 7.743055555555555802e-02
3.580000000000000071e+00 7.494444444444445241e-02 7.118055555555555247e-02 7.736111111111111660e-02
3.620000000000000107e+00 1.071041666666666670e-01 1.027083333333333320e-01 1.091666666666666619e-01
3.660000000000000142e+00 1.645000000000000073e-01 1.582638888888888984e-01 1.675694444444444375e-01
3.700000000000000178e+00 2.333611111111111303e-01 2.284722222222222154e-01 2.378472222222222099e-01
3.740000000000000213e+00 3.182152777777776942e-01 3.106944444444444398e-01 3.272916666666666474e-01
3.780000000000000249e+00 4.328333333333332922e-01 4.226388888888888973e-01 4.531250000000000000e-01
3.820000000000000284e+00 4.798541666666666927e-01 4.645833333333333481e-01 5.029861111111111338e-01
3.859999999999999876e+00 3.658124999999999849e-01 3.574305555555555292e-01 3.782638888888888995e-01
3.899999999999999911e+00 1.815138888888889190e-01 1.746527777777777679e-01 1.897916666666666641e-01
3.939999999999999947e+00 6.399999999999998745e-02 5.791666666666666491e-02 7.138888888888889062e-02
3.979999999999999982e+00 2.573611111111110891e-02 2.166666666666666741e-02 3.180555555555555219e-02
4.019999999999999574e+00 1.849305555555555772e-02 1.562500000000000000e-02 2.333333333333333440e-02
4.060000000000000497e+00 1.993749999999999689e-02 1.666666666666666644e-02 2.409722222222222127e-02
4.099999999999999645e+00 2.034027777777778004e-02 1.777777777777777776e-02 2.513888888888888770e-02
4.140000000000000568e+00 2.529166666666666369e-02 2.208333333333333329e-02 2.805555555555555580e-02
4.179999999999999716e+00 3.924999999999999323e-02 3.256944444444444253e-02 4.326388888888888645e-02
4.220000000000000639e+00 8.005555555555557423e-02 7.263888888888889173e-02 8.999999999999999667e-02
4.259999999999999787e+00 1.753888888888888720e-01 1.689583333333333215e-01 1.872916666666666619e-01
4.300000000000000711e+00 3.107777777777777639e-01 3.043750000000000067e-01 3.165277777777777968e-01
4.339999999999999858e+00 3.922013888888888355e-01 3.813194444444444331e-01 3.989583333333333592e-01
4.380000000000000782e+00 3.818194444444444335e-01 3.572222222222222188e-01 3.959027777777777701e-01
4.419999999999999929e+00 3.445069444444444073e-01 3.170138888888888729e-01 3.572222222222222188e-01
4.460000000000000853e+00 3.334513888888889221e-01 2.999305555555555336e-01 3.528472222222222010e-01
4.500000000000000000e+00 3.349097222222222059e-01 3.017361111111110938e-01 3.495833333333333570e-01
4.540000000000000924e+00 3.273055555555555718e-01 2.981944444444444287e-01 3.454861111111111049e-01
4.580000000000000071e+00 2.995486111111111405e-01 2.732638888888888618e-01 3.144444444444444708e-01
4.620000000000000107e+00 2.622499999999999831e-01 2.532638888888888995e-01 2.688194444444444442e-01
4.660000000000000142e+00 2.165763888888888877e-01 2.087499999999999911e-01 2.207638888888888984e-01
4.699999999999999289e+00 1.747500000000000164e-01 1.663888888888888917e-01 1.881944444444444420e-01
4.740000000000000213e+00 1.372152777777777555e-01 1.273611111111111194e-01 1.613194444444444320e-01
4.779999999999999361e+00 1.060555555555555696e-01 9.249999999999999889e-02 1.323611111111111238e-01
4.820000000000000284e+00 9.097222222222223209e-02 7.749999999999999944e-02 1.188194444444444497e-01
4.859999999999999432e+00 8.868750000000000244e-02 7.784722222222222043e-02 1.136805555555555625e-01
4.900000000000000355e+00 1.006180555555555439e-01 9.402777777777777957e-02 1.095833333333333381e-01
4.939999999999999503e+00 1.185277777777777874e-01 1.134722222222222243e-01 1.309722222222222121e-01
4.980000000000000426e+00 1.325555555555555654e-01 1.265972222222222221e-01 1.414583333333333248e-01
5.019999999999999574e+00 1.270694444444444293e-01 1.226388888888888945e-01 1.362500000000000100e-01
5.060000000000000497e+00 1.037222222222222295e-01 9.548611111111110494e-02 1.184722222222222288e-01
5.099999999999999645e+00 6.874305555555555725e-02 6.069444444444444670e-02 8.006944444444444309e-02
5.140000000000000568e+00 3.799999999999999906e-02 3.236111111111111133e-02 5.013888888888888562e-02
5.179999999999999716e+00 1.633333333333333165e-02 1.222222222222222286e-02 2.569444444444444337e-02
5.220000000000000639e+00 5.597222222222223049e-03 3.541666666666666487e-03 1.180555555555555525e-02
5.259999999999999787e+00 2.250000000000000264e-03 1.041666666666666652e-03 4.375000000000000416e-03
5.300000000000000711e+00 7.986111111111112663e-04 4.166666666666666934e-04 1.874999999999999931e-03
5.339999999999999858e+00 4.791666666666666405e-04 2.083333333333333467e-04 1.458333333333333400e-03
5.380000000000000782e+00 4.097222222222222368e-04 6.944444444444444438e-05 1.111111111111111110e-03
5.419999999999999929e+00 4.166666666666666392e-04 6.944444444444444438e-05 1.111111111111111110e-03
5.460000000000000853e+00 1.180555555555555568e-03 4.861111111111110971e-04 2.569444444444444510e-03
5.500000000000000000e+00 2.444444444444444399e-03 1.250000000000000026e-03 3.749999999999999861e-03
5.540000000000000924e+00 4.819444444444444774e-03 2.708333333333333426e-03 6.180555555555555455e-03
5.580000000000000071e+00 1.099999999999999936e-02 8.263888888888888326e-03 1.361111111111111029e-02
5.620000000000000107e+00 1.949305555555555861e-02 1.743055555555555677e-02 2.249999999999999917e-02
5.660000000000000142e+00 3.406944444444444386e-02 2.999999999999999889e-02 3.701388888888888784e-02
5.699999999999999289e+00 5.635416666666666352e-02 4.895833333333333287e-02 6.388888888888888395e-02
5.740000000000000213e+00 8.420833333333332948e-02 8.069444444444444364e-02 8.680555555555555247e-02
5.779999999999999361e+00 1.153750000000000053e-01 1.107638888888888840e-01 1.181944444444444492e-01
5.820000000000000284e+00 1.468125000000000124e-01 1.413888888888888973e-01 1.505555555555555536e-01
5.859999999999999432e+00 1.659791666666666499e-01 1.556250000000000133e-01 1.762499999999999900e-01
5.900000000000000355e+00 1.722499999999999865e-01 1.572916666666666630e-01 1.795138888888888895e-01
5.939999999999999503e+00 1.608958333333333490e-01 1.479861111111111238e-01 1.697916666666666741e-01
5.980000000000000426e+00 1.347013888888888844e-01 1.213194444444444381e-01 1.417361111111111183e-01
6.019999999999999574e+00 1.054791666666666516e-01 1.010416666666666685e-01 1.094444444444444414e-01
6.060000000000000497e+00 7.381944444444443754e-02 6.986111111111110994e-02 8.229166666666666574e-02
6.099999999999999645e+00 4.813888888888888384e-02 4.250000000000000305e-02 5.819444444444444448e-02
6.140000000000000568e+00 2.941666666666666735e-02 2.555555555555555705e-02 3.826388888888888895e-02
6.179999999999999716e+00 1.681250000000000105e-02 1.215277777777777797e-02 2.708333333333333426e-02
6.220000000000000639e+00 1.317361111111111337e-02 9.444444444444444545e-03 1.944444444444444475e-02
6.259999999999999787e+00 1.862499999999999573e-02 1.562500000000000000e-02 2.020833333333333162e-02
6.300000000000000711e+00 3.266666666666666330e-02 2.930555555555555691e-02 3.569444444444444531e-02
6.339999999999999858e+00 5.564583333333332493e-02 5.034722222222222376e-02 5.944444444444444559e-02
6.380000000000000782e+00 8.413888888888888806e-02 7.666666666666666075e-02 9.013888888888889339e-02
6.419999999999999929e+00 1.091458333333333447e-01 9.798611111111110716e-02 1.160416666666666680e-01
6.460000000000000853e+00 1.177222222222222142e-01 1.155555555555555503e-01 1.201388888888888923e-01
6.500000000000000000e+00 1.071597222222222257e-01 1.026388888888888906e-01 1.143055555555555491e-01
6.540000000000000924e+00 7.949305555555555292e-02 7.527777777777777679e-02 8.798611111111111216e-02
6.580000000000000071e+00 4.752777777777777296e-02 4.437499999999999778e-02 5.284722222222221905e-02
6.620000000000000995e+00 2.276388888888888906e-02 1.868055555555555441e-02 2.923611111111111202e-02
6.660000000000000142e+00 8.513888888888888548e-03 6.736111111111111119e-03 1.138888888888888937e-02
6.699999999999999289e+00 2.256944444444444666e-03 9.722222222222221943e-04 3.472222222222222029e-03
6.740000000000000213e+00 4.791666666666666947e-04 2.777777777777777775e-04 8.333333333333333868e-04
6.779999999999999361e+00 6.250000000000000130e-05 0.000000000000000000e+00 1.388888888888888888e-04
6.820000000000000284e+00 6.944444444444444777e-06 0.000000000000000000e+00 6.944444444444444438e-05
6.859999999999999432e+00 0.000000000000000000e+00 0.000000000000000000e+00 0.000000000000000000e+00
6.900000000000000355e+00 0.000000000000000000e+00 0.000000000000000000e+00 0.000000000000000000e+00
6.939999999999999503e+00 0.000000000000000000e+00 0.000000000000000000e+00 0.000000000000000000e+00
6.980000000000000426e+00 0.000000000000000000e+00 0.000000000000000000e+00 0.000000000000000000e+00
7.019999999999999574e+00 0.000000000000000000e+00 0.000000000000000000e+00 0.000000000000000000e+00
7.060000000000000497e+00 0.000000000000000000e+00 0.000000000000000000e+00 0.000000000000000000e+00
7.099999999999999645e+00 0.000000000000000000e+00 0.000000000000000000e+00 0.000000000000000000e+00
7.140000000000000568e+00 0.000000000000000000e+00 0.000000000000000000e+00 0.000000000000000000e+00
7.179999999999999716e+00 0.000000000000000000e+00 0.000000000000000000e+00 0.000000000000000000e+00
7.220000000000000639e+00 0.000000000000000000e+00 0.000000000000000000e+00 0.000000000000000000e+00
7.259999999999999787e+00 0.000000000000000000e+00 0.000000000000000000e+00 0.000000000000000000e+00
7.300000000000000711e+00 0.000000000000000000e+00 0.000000000000000000e+00 0.000000000000000000e+00
7.339999999999999858e+00 0.000000000000000000e+00 0.000000000000000000e+00 0.000000000000000000e+00
7.380000000000000782e+00 0.000000000000000000e+00 0.000000000000000000e+00 0.000000000000000000e+00
7.419999999999999929e+00 0.000000000000000000e+00 0.000000000000000000e+00 0.000000000000000000e+00
7.460000000000000853e+00 0.000000000000000000e+00 0.000000000000000000e+00 0.000000000000000000e+00
7.500000000000000000e+00 0.000000000000000000e+00 0.000000000000000000e+00 0.000000000000000000e+00
7.540000000000000924e+00 0.000000000000000000e+00 0.000000000000000000e+00 0.000000000000000000e+00
7.580000000000000071e+00 0.000000000000000000e+00 0.000000000000000000e+00 0.000000000000000000e+00
7.620000000000000995e+00 0.000000000000000000e+00 0.000000000000000000e+00 0.000000000000000000e+00
7.660000000000000142e+00 0.000000000000000000e+00 0.000000000000000000e+00 0.000000000000000000e+00
7.699999999999999289e+00 0.000000000000000000e+00 0.000000000000000000e+00 0.000000000000000000e+00
7.740000000000000213e+00 0.000000000000000000e+00 0.000000000000000000e+00 0.000000000000000000e+00
7.779999999999999361e+00 0.000000000000000000e+00 0.000000000000000000e+00 0.000000000000000000e+00
7.820000000000000284e+00 0.000000000000000000e+00 0.000000000000000000e+00 0.000000000000000000e+00
7.859999999999999432e+00 0.000000000000000000e+00 0.000000000000000000e+00 0.000000000000000000e+00
7.900000000000000355e+00 0.000000000000000000e+00 0.000000000000000000e+00 0.000000000000000000e+00
7.939999999999999503e+00 0.000000000000000000e+00 0.000000000000000000e+00 0.000000000000000000e+00
7.980000000000000426e+00 0.000000000000000000e+00 0.000000000000000000e+00 0.000000000000000000e+00
