# t_fs vacf_normalized
0.000000000000000000e+00 1.000000000000000000e+00
2.000000000000000000e+00 9.149485414388721649e-01
4.000000000000000000e+00 6.835567071422833374e-01
6.000000000000000000e+00 3.685589102815000073e-01
8.000000000000000000e+00 5.008981855478891743e-02
1.000000000000000000e+01 -1.994929313998146381e-01
1.200000000000000000e+01 -3.352289249875569088e-01
1.400000000000000000e+01 -3.483077738631250586e-01
1.600000000000000000e+01 -2.629501466651293362e-01
1.800000000000000000e+01 -1.239459537690699026e-01
2.000000000000000000e+01 2.001479194881010740e-02
2.200000000000000000e+01 1.311509147307428069e-01
2.400000000000000000e+01 1.909307192846753931e-01
2.600000000000000000e+01 2.004690269262472679e-01
2.800000000000000000e+01 1.746112281973670188e-01
3.000000000000000000e+01 1.332011910271825028e-01
3.200000000000000000e+01 9.329173844059127085e-02
3.400000000000000000e+01 6.481026853774192464e-02
3.600000000000000000e+01 5.008226396168682926e-02
3.800000000000000000e+01 4.588618393398827960e-02
4.000000000000000000e+01 4.632814878210039095e-02
4.200000000000000000e+01 4.551065664877634170e-02
4.400000000000000000e+01 3.966457002351375660e-02
4.600000000000000000e+01 2.857535601362076391e-02
4.800000000000000000e+01 1.604299291792723667e-02
5.000000000000000000e+01 9.099876312380940357e-03
5.200000000000000000e+01 1.582679836521831002e-02
5.400000000000000000e+01 4.198051219207658835e-02
5.600000000000000000e+01 8.739276590482857043e-02
5.800000000000000000e+01 1.438115841264762940e-01
6.000000000000000000e+01 1.957762165147045041e-01
6.200000000000000000e+01 2.249794276484127220e-01
6.400000000000000000e+01 2.168991968799310055e-01
6.600000000000000000e+01 1.671306617388618465e-01
6.800000000000000000e+01 8.454746378712515997e-02
7.000000000000000000e+01 -1.047669114201713048e-02
7.200000000000000000e+01 -9.241698539991101413e-02
7.400000000000000000e+01 -1.390922687305899685e-01
7.600000000000000000e+01 -1.389970516314966154e-01
7.800000000000000000e+01 -9.469358074992871577e-02
8.000000000000000000e+01 -2.102504412950993370e-02
8.200000000000000000e+01 6.101197749693837435e-02
8.400000000000000000e+01 1.319408550469617636e-01
8.600000000000000000e+01 1.795285403862878770e-01
8.800000000000000000e+01 2.003741024986402386e-01
9.000000000000000000e+01 1.976575513434402909e-01
9.200000000000000000e+01 1.771477983505609921e-01
9.400000000000000000e+01 1.438016133694408893e-01
9.600000000000000000e+01 1.005117413639740886e-01
9.800000000000000000e+01 4.941461246686580655e-02
1.000000000000000000e+02 -5.298843220610184764e-03
1.020000000000000000e+02 -5.541028090843373721e-02
1.040000000000000000e+02 -8.970099157730836159e-02
1.060000000000000000e+02 -9.810207750847398100e-02
1.080000000000000000e+02 -7.677270590545014206e-02
1.100000000000000000e+02 -3.120504205411550949e-02
1.120000000000000000e+02 2.448104923336209479e-02
1.140000000000000000e+02 7.213497169932009401e-02
1.160000000000000000e+02 9.643294136922268833e-02
1.180000000000000000e+02 9.105975826325712896e-02
1.200000000000000000e+02 6.117277627938572798e-02
1.220000000000000000e+02 2.082609576586633843e-02
1.240000000000000000e+02 -1.329830906337069706e-02
1.260000000000000000e+02 -2.878214504268462176e-02
1.280000000000000000e+02 -2.203742771459374361e-02
1.300000000000000000e+02 1.082133227453108094e-03
1.320000000000000000e+02 2.860858982856093191e-02
1.340000000000000000e+02 4.808620094379151277e-02
1.360000000000000000e+02 5.178183074094416805e-02
1.380000000000000000e+02 3.909102543527747525e-02
1.400000000000000000e+02 1.550109801723121780e-02
1.420000000000000000e+02 -1.066294100778661900e-02
1.440000000000000000e+02 -3.178197790320225896e-02
1.460000000000000000e+02 -4.330377693441684467e-02
1.480000000000000000e+02 -4.433963493351013307e-02
1.500000000000000000e+02 -3.682343957032047088e-02
1.520000000000000000e+02 -2.423900062750168269e-02
1.540000000000000000e+02 -1.089354999378435752e-02
1.560000000000000000e+02 -1.848518290267012849e-03
1.580000000000000000e+02 -2.690146987285165110e-03
1.600000000000000000e+02 -1.825716993483192038e-02
1.620000000000000000e+02 -5.025898298822214366e-02
1.640000000000000000e+02 -9.472278456256368051e-02
1.660000000000000000e+02 -1.408199929093380820e-01
1.680000000000000000e+02 -1.725166530839735701e-01
1.700000000000000000e+02 -1.734344442618338533e-01
1.720000000000000000e+02 -1.335376441565625238e-01
1.740000000000000000e+02 -5.480927831498108582e-02
1.760000000000000000e+02 4.697222274063035663e-02
1.780000000000000000e+02 1.457910405087641248e-01
1.800000000000000000e+02 2.135388645263314178e-01
1.820000000000000000e+02 2.299471703892800312e-01
1.840000000000000000e+02 1.903323953648921041e-01
1.860000000000000000e+02 1.076653392247379215e-01
1.880000000000000000e+02 7.850437590378289698e-03
1.900000000000000000e+02 -7.976616452377018052e-02
1.920000000000000000e+02 -1.326136545198269845e-01
1.940000000000000000e+02 -1.418333555044796745e-01
1.960000000000000000e+02 -1.135940464898180097e-01
1.980000000000000000e+02 -6.480529573789697850e-02
2.000000000000000000e+02 -1.548994173330199738e-02
2.020000000000000000e+02 1.870429127557140733e-02
2.040000000000000000e+02 3.088370414182642354e-02
2.060000000000000000e+02 2.309807314253121968e-02
2.080000000000000000e+02 3.249256597326087743e-03
2.100000000000000000e+02 -1.927482608385941085e-02
2.120000000000000000e+02 -3.715901415324910501e-02
2.140000000000000000e+02 -4.660579751044142266e-02
2.160000000000000000e+02 -4.674519320194787941e-02
2.180000000000000000e+02 -3.833306624855202516e-02
2.200000000000000000e+02 -2.314827536662045562e-02
2.220000000000000000e+02 -4.350584758534979841e-03
2.240000000000000000e+02 1.312310110570446241e-02
2.260000000000000000e+02 2.317725099408550482e-02
2.280000000000000000e+02 2.049596518222723124e-02
2.300000000000000000e+02 3.249578321734624114e-03
2.320000000000000000e+02 -2.464345456348310259e-02
2.340000000000000000e+02 -5.326280316245209090e-02
2.360000000000000000e+02 -6.949157597115908358e-02
2.380000000000000000e+02 -6.229342784317724174e-02
2.400000000000000000e+02 -2.812674865404910657e-02
2.420000000000000000e+02 2.624694698005061722e-02
2.440000000000000000e+02 8.515387052132925017e-02
2.460000000000000000e+02 1.294048248507786159e-01
2.480000000000000000e+02 1.438095381703811959e-01
2.500000000000000000e+02 1.236701563086280431e-01
2.520000000000000000e+02 7.705166584799531815e-02
2.540000000000000000e+02 2.143403040251435493e-02
2.560000000000000000e+02 -2.373845405932907549e-02
2.580000000000000000e+02 -4.506931465173599077e-02
2.600000000000000000e+02 -4.028214354112923112e-02
2.620000000000000000e+02 -1.841522402563867261e-02
2.640000000000000000e+02 4.771174057593200596e-03
2.660000000000000000e+02 1.415141891895064542e-02
2.680000000000000000e+02 2.028020841125994980e-03
2.700000000000000000e+02 -2.876330058735799070e-02
2.720000000000000000e+02 -6.662406755115442281e-02
2.740000000000000000e+02 -9.655089128080454608e-02
2.760000000000000000e+02 -1.063641143144421763e-01
2.780000000000000000e+02 -9.118146446140806827e-02
2.800000000000000000e+02 -5.458492531383015572e-02
2.820000000000000000e+02 -6.425580197093355705e-03
2.840000000000000000e+02 4.132383257297846807e-02
2.860000000000000000e+02 7.853905230894837886e-02
2.880000000000000000e+02 9.915017608259747706e-02
2.900000000000000000e+02 1.013370743377630667e-01
2.920000000000000000e+02 8.652857250431274239e-02
2.940000000000000000e+02 5.824349696959893463e-02
2.960000000000000000e+02 2.142047914925002822e-02
2.980000000000000000e+02 -1.775102265544969624e-02
3.000000000000000000e+02 -5.207337381367146273e-02
3.020000000000000000e+02 -7.435787442685712345e-02
3.040000000000000000e+02 -7.932571244835036339e-02
3.060000000000000000e+02 -6.561941100909256253e-02
3.080000000000000000e+02 -3.677074661873021982e-02
3.100000000000000000e+02 -3.804766623397426027e-04
3.120000000000000000e+02 3.439198855964629986e-02
3.140000000000000000e+02 6.008010433308484666e-02
3.160000000000000000e+02 7.340656391652140844e-02
3.180000000000000000e+02 7.569839454822932523e-02
3.200000000000000000e+02 7.098750626222460891e-02
3.220000000000000000e+02 6.297516758786139701e-02
3.240000000000000000e+02 5.270908752266784125e-02
3.260000000000000000e+02 3.833191395941673574e-02
3.280000000000000000e+02 1.709267610810122698e-02
3.300000000000000000e+02 -1.141222666435116884e-02
3.320000000000000000e+02 -4.268277775692878168e-02
3.340000000000000000e+02 -6.736306024980599771e-02
3.360000000000000000e+02 -7.451414001021260114e-02
3.380000000000000000e+02 -5.672810919877222663e-02
3.400000000000000000e+02 -1.445978725861368080e-02
3.420000000000000000e+02 4.269532171723368352e-02
3.440000000000000000e+02 9.863394188603522017e-02
3.460000000000000000e+02 1.365211150550844910e-01
3.480000000000000000e+02 1.454670093090031924e-01
3.500000000000000000e+02 1.250075140483780933e-01
3.520000000000000000e+02 8.497433926249288449e-02
3.540000000000000000e+02 4.070531894215573959e-02
3.560000000000000000e+02 6.081184743577943905e-03
3.580000000000000000e+02 -1.220305253102466590e-02
3.600000000000000000e+02 -1.663998585383141132e-02
3.620000000000000000e+02 -1.645503589242909570e-02
3.640000000000000000e+02 -2.184397314484113478e-02
3.660000000000000000e+02 -3.769033462117328537e-02
3.680000000000000000e+02 -6.011831521755007374e-02
3.700000000000000000e+02 -7.786033351440524442e-02
3.720000000000000000e+02 -7.768068848881140576e-02
3.740000000000000000e+02 -5.095750061080021182e-02
3.760000000000000000e+02 1.714883033489349911e-03
3.780000000000000000e+02 6.980979761089020630e-02
3.800000000000000000e+02 1.362553050034636115e-01
3.820000000000000000e+02 1.834874008930968414e-01
3.840000000000000000e+02 1.995257339980804623e-01
3.860000000000000000e+02 1.814384565860960585e-01
3.880000000000000000e+02 1.350514879215830577e-01
3.900000000000000000e+02 7.173087807861978915e-02
3.920000000000000000e+02 4.192991852583441426e-03
3.940000000000000000e+02 -5.679913369248108107e-02
3.960000000000000000e+02 -1.038510096104454938e-01
3.980000000000000000e+02 -1.325854832955040696e-01
4.000000000000000000e+02 -1.405978588699656195e-01
4.020000000000000000e+02 -1.269859863013525214e-01
4.040000000000000000e+02 -9.294290201325128287e-02
4.060000000000000000e+02 -4.278649420800645364e-02
4.080000000000000000e+02 1.570294262109528036e-02
4.100000000000000000e+02 7.239180781406638621e-02
4.120000000000000000e+02 1.172763705821724400e-01
4.140000000000000000e+02 1.434560038591628783e-01
4.160000000000000000e+02 1.492370980713103867e-01
4.180000000000000000e+02 1.382184644582102606e-01
4.200000000000000000e+02 1.172059795786035419e-01
4.220000000000000000e+02 9.302392365401700169e-02
4.240000000000000000e+02 6.989043266734867865e-02
4.260000000000000000e+02 4.868539818536207070e-02
4.280000000000000000e+02 2.843701559282192301e-02
4.300000000000000000e+02 9.103029250022865587e-03
4.320000000000000000e+02 -6.240927919208558508e-03
4.340000000000000000e+02 -1.161204603397013660e-02
4.360000000000000000e+02 -1.100959960078581835e-03
4.380000000000000000e+02 2.691108276266911126e-02
4.400000000000000000e+02 6.677693065487939894e-02
4.420000000000000000e+02 1.057705531343899191e-01
4.440000000000000000e+02 1.278727687123169254e-01
4.460000000000000000e+02 1.199336977665555193e-01
4.480000000000000000e+02 7.767114757359872002e-02
4.500000000000000000e+02 8.632595714162850237e-03
4.520000000000000000e+02 -6.954699050636607705e-02
4.540000000000000000e+02 -1.350014828484247253e-01
4.560000000000000000e+02 -1.691418657122663594e-01
4.580000000000000000e+02 -1.628573054744652249e-01
4.600000000000000000e+02 -1.191482254718660705e-01
4.620000000000000000e+02 -5.129119006031486461e-02
4.640000000000000000e+02 2.259111822762903399e-02
4.660000000000000000e+02 8.603129114399449273e-02
4.680000000000000000e+02 1.288537732882983067e-01
4.700000000000000000e+02 1.483575956591086653e-01
4.720000000000000000e+02 1.475117797358199978e-01
4.740000000000000000e+02 1.318447829495866808e-01
4.760000000000000000e+02 1.067040465246931052e-01
4.780000000000000000e+02 7.595382643384368526e-02
4.800000000000000000e+02 4.234513915828620745e-02
4.820000000000000000e+02 8.797610902454259738e-03
4.840000000000000000e+02 -2.078409124019699183e-02
4.860000000000000000e+02 -4.207644502076868243e-02
4.880000000000000000e+02 -5.195697734509582832e-02
4.900000000000000000e+02 -4.999190211285362007e-02
4.920000000000000000e+02 -3.876665939020221968e-02
4.940000000000000000e+02 -2.277952924272588428e-02
4.960000000000000000e+02 -6.372284142356268027e-03
4.980000000000000000e+02 8.237010867340242501e-03
5.000000000000000000e+02 2.157605337062092760e-02
5.020000000000000000e+02 3.561707407730498043e-02
5.040000000000000000e+02 5.128801371037250423e-02
5.060000000000000000e+02 6.646559371446436604e-02
5.080000000000000000e+02 7.589167455726351930e-02
5.100000000000000000e+02 7.333938879380608178e-02
5.120000000000000000e+02 5.512722729851834980e-02
5.140000000000000000e+02 2.323846991181439947e-02
5.160000000000000000e+02 -1.382478530459680874e-02
5.180000000000000000e+02 -4.341728156247685183e-02
5.200000000000000000e+02 -5.360642242207257907e-02
5.220000000000000000e+02 -3.830044299216672082e-02
5.240000000000000000e+02 -2.318658491166172592e-04
5.260000000000000000e+02 4.960631366267910514e-02
5.280000000000000000e+02 9.594366921263894343e-02
5.300000000000000000e+02 1.250397509610418068e-01
5.320000000000000000e+02 1.297783188378614505e-01
5.340000000000000000e+02 1.117052688653969450e-01
5.360000000000000000e+02 7.920626952611781180e-02
5.380000000000000000e+02 4.304016334359193896e-02
5.400000000000000000e+02 1.162319761353075055e-02
5.420000000000000000e+02 -1.173730736746484218e-02
5.440000000000000000e+02 -2.861168867335086088e-02
5.460000000000000000e+02 -4.265642160603517336e-02
5.480000000000000000e+02 -5.598811286313924718e-02
5.500000000000000000e+02 -6.688530269554460173e-02
5.520000000000000000e+02 -7.013795900260862137e-02
5.540000000000000000e+02 -5.973718806913116269e-02
5.560000000000000000e+02 -3.233124020062423665e-02
5.580000000000000000e+02 1.034916043471089363e-02
5.600000000000000000e+02 6.125678242023910314e-02
5.620000000000000000e+02 1.100934968148537252e-01
5.640000000000000000e+02 1.466685894379886335e-01
5.660000000000000000e+02 1.638899181455478749e-01
5.680000000000000000e+02 1.590810104535412273e-01
5.700000000000000000e+02 1.334916431163693240e-01
5.720000000000000000e+02 9.091020010842250365e-02
5.740000000000000000e+02 3.648694143986702665e-02
5.760000000000000000e+02 -2.361529119541844191e-02
5.780000000000000000e+02 -8.185603729645588023e-02
5.800000000000000000e+02 -1.290434724291301682e-01
5.820000000000000000e+02 -1.552478346136496323e-01
5.840000000000000000e+02 -1.524069436540345934e-01
5.860000000000000000e+02 -1.178167714362628321e-01
5.880000000000000000e+02 -5.669250844880350387e-02
5.900000000000000000e+02 1.787518987291066702e-02
5.920000000000000000e+02 8.814114037340997632e-02
5.940000000000000000e+02 1.372922154406183426e-01
5.960000000000000000e+02 1.553720470879781379e-01
5.980000000000000000e+02 1.429082585060497956e-01
6.000000000000000000e+02 1.102802353179603012e-01
6.020000000000000000e+02 7.290723350310385209e-02
6.040000000000000000e+02 4.454016092108042252e-02
6.060000000000000000e+02 3.179186402969975955e-02
6.080000000000000000e+02 3.224153495386977708e-02
6.100000000000000000e+02 3.680335486409289786e-02
6.120000000000000000e+02 3.525920825779227386e-02
6.140000000000000000e+02 2.230843106908022080e-02
6.160000000000000000e+02 9.444208139359217685e-04
6.180000000000000000e+02 -1.876664246233555530e-02
6.200000000000000000e+02 -2.484402093383118737e-02
6.220000000000000000e+02 -9.715918440131575753e-03
6.240000000000000000e+02 2.541154409778675557e-02
6.260000000000000000e+02 7.012798528713387602e-02
6.280000000000000000e+02 1.086083666835665346e-01
6.300000000000000000e+02 1.261004670757125412e-01
6.320000000000000000e+02 1.152166803102976783e-01
6.340000000000000000e+02 7.905477606594550621e-02
6.360000000000000000e+02 2.976992138730727086e-02
6.380000000000000000e+02 -1.646583375929140669e-02
6.400000000000000000e+02 -4.565644694693120342e-02
6.420000000000000000e+02 -5.075090686795592776e-02
6.440000000000000000e+02 -3.331922630539161517e-02
6.460000000000000000e+02 -1.849019698945950519e-03
6.480000000000000000e+02 3.221380402126773623e-02
6.500000000000000000e+02 5.872887030998082125e-02
6.520000000000000000e+02 7.172031863526530382e-02
6.540000000000000000e+02 7.017392712585263093e-02
6.560000000000000000e+02 5.714631702563813948e-02
6.580000000000000000e+02 3.802789583129149997e-02
6.600000000000000000e+02 1.875999434699109070e-02
6.620000000000000000e+02 4.480388350819343272e-03
6.640000000000000000e+02 -1.363042027147858470e-03
6.660000000000000000e+02 2.352707544627569494e-03
6.680000000000000000e+02 1.398577475781655720e-02
6.700000000000000000e+02 2.920342306401794638e-02
6.720000000000000000e+02 4.198893244915859191e-02
6.740000000000000000e+02 4.663431279629624837e-02
6.760000000000000000e+02 4.018161406233779903e-02
6.780000000000000000e+02 2.428225801489502719e-02
6.800000000000000000e+02 5.325262288608574417e-03
6.820000000000000000e+02 -7.763801660195101574e-03
6.840000000000000000e+02 -7.455072219919422170e-03
6.860000000000000000e+02 8.468850459135857794e-03
6.880000000000000000e+02 3.499988740666478554e-02
6.900000000000000000e+02 6.116086498435760466e-02
6.920000000000000000e+02 7.424232845211037324e-02
6.940000000000000000e+02 6.547102461880349722e-02
6.960000000000000000e+02 3.459096252478797984e-02
6.980000000000000000e+02 -9.111487092302212459e-03
7.000000000000000000e+02 -5.025880094965224504e-02
7.020000000000000000e+02 -7.385944679778412569e-02
7.040000000000000000e+02 -7.178124946945860230e-02
7.060000000000000000e+02 -4.633490980364411704e-02
7.080000000000000000e+02 -9.450344032819373366e-03
7.100000000000000000e+02 2.234373283542958472e-02
7.120000000000000000e+02 3.518842378298699114e-02
7.140000000000000000e+02 2.414948103729964990e-02
7.160000000000000000e+02 -4.661609251121286678e-03
7.180000000000000000e+02 -3.713754447143503834e-02
7.200000000000000000e+02 -5.767036686026920378e-02
7.220000000000000000e+02 -5.587259427344880985e-02
7.240000000000000000e+02 -3.067745066016436262e-02
7.260000000000000000e+02 9.634257925661533772e-03
7.280000000000000000e+02 5.130237783602227541e-02
7.300000000000000000e+02 8.106544815161115247e-02
7.320000000000000000e+02 9.142942396108055814e-02
7.340000000000000000e+02 8.281659795509223321e-02
7.360000000000000000e+02 6.201039048111852553e-02
7.380000000000000000e+02 3.824575426949328172e-02
7.400000000000000000e+02 1.909371425783643397e-02
7.420000000000000000e+02 7.899200712311186048e-03
7.440000000000000000e+02 3.569860201257185183e-03
7.460000000000000000e+02 2.398836410225744543e-03
7.480000000000000000e+02 6.615064588578379754e-04
7.500000000000000000e+02 -3.514296311654353886e-03
7.520000000000000000e+02 -9.796937602770280223e-03
7.540000000000000000e+02 -1.651980582282235738e-02
7.560000000000000000e+02 -2.185915068852531742e-02
7.580000000000000000e+02 -2.454213353504175466e-02
7.600000000000000000e+02 -2.383945669381640556e-02
7.620000000000000000e+02 -1.915228707330996274e-02
7.640000000000000000e+02 -9.830519047621045364e-03
7.660000000000000000e+02 4.292479319083442046e-03
7.680000000000000000e+02 2.181549340482126856e-02
7.700000000000000000e+02 3.897334699704983058e-02
7.720000000000000000e+02 5.005043271792682796e-02
7.740000000000000000e+02 4.930924821539109382e-02
7.760000000000000000e+02 3.381825067229647652e-02
7.780000000000000000e+02 5.825149285189169107e-03
7.800000000000000000e+02 -2.682088686915076736e-02
7.820000000000000000e+02 -5.296487569108779964e-02
7.840000000000000000e+02 -6.252485901463962492e-02
7.860000000000000000e+02 -5.106116038085822123e-02
7.880000000000000000e+02 -2.234350742625637945e-02
7.900000000000000000e+02 1.249051208153621577e-02
7.920000000000000000e+02 3.915937406753154659e-02
7.940000000000000000e+02 4.626124840750447942e-02
7.960000000000000000e+02 3.042968214936894386e-02
7.980000000000000000e+02 -1.922588101051565367e-03
8.000000000000000000e+02 -3.722440132327653473e-02
8.020000000000000000e+02 -6.049204731576158373e-02
8.040000000000000000e+02 -6.155285853554441633e-02
8.060000000000000000e+02 -3.909264464504973863e-02
8.080000000000000000e+02 -9.078543636807472322e-04
8.100000000000000000e+02 3.969104475138299226e-02
8.120000000000000000e+02 6.966812005217902504e-02
8.140000000000000000e+02 8.146920884875809288e-02
8.160000000000000000e+02 7.523809336892660349e-02
8.180000000000000000e+02 5.739478735731779607e-02
8.200000000000000000e+02 3.680858682473162752e-02
8.220000000000000000e+02 2.063921950162565799e-02
8.240000000000000000e+02 1.167988509695612985e-02
8.260000000000000000e+02 8.194486716368342208e-03
8.280000000000000000e+02 6.042924935673138660e-03
8.300000000000000000e+02 1.676615425183614234e-03
8.320000000000000000e+02 -5.837539883333392639e-03
8.340000000000000000e+02 -1.476655329512247330e-02
8.360000000000000000e+02 -2.221839097225110013e-02
8.380000000000000000e+02 -2.597020521355312972e-02
8.400000000000000000e+02 -2.551585557001442156e-02
8.420000000000000000e+02 -2.184287286628237498e-02
8.440000000000000000e+02 -1.615281933174164686e-02
8.460000000000000000e+02 -8.422800763732985960e-03
8.480000000000000000e+02 3.007685041773447074e-03
8.500000000000000000e+02 2.023780899619537915e-02
8.520000000000000000e+02 4.362449232168633118e-02
8.540000000000000000e+02 7.007262793352857233e-02
8.560000000000000000e+02 9.303961487064259239e-02
8.580000000000000000e+02 1.045679527269903208e-01
8.600000000000000000e+02 9.863420646725114260e-02
8.620000000000000000e+02 7.433592487468600185e-02
8.640000000000000000e+02 3.723431596277426009e-02
8.660000000000000000e+02 -2.122198449148896080e-03
8.680000000000000000e+02 -3.202478590524066027e-02
8.700000000000000000e+02 -4.404177824805171476e-02
8.720000000000000000e+02 -3.606418031170073590e-02
8.740000000000000000e+02 -1.270680436796631403e-02
8.760000000000000000e+02 1.697354303020240027e-02
8.780000000000000000e+02 4.331783315304701260e-02
8.800000000000000000e+02 5.965532184017947187e-02
8.820000000000000000e+02 6.404897413642750281e-02
8.840000000000000000e+02 5.869039974334205184e-02
8.860000000000000000e+02 4.770954847958477907e-02
8.880000000000000000e+02 3.480770820492089246e-02
8.900000000000000000e+02 2.192932695857560677e-02
8.920000000000000000e+02 9.464665176537608027e-03
8.940000000000000000e+02 -2.418764104486772863e-03
8.960000000000000000e+02 -1.241175467602526235e-02
8.980000000000000000e+02 -1.779291245076037101e-02
9.000000000000000000e+02 -1.559693031748259941e-02
9.020000000000000000e+02 -4.517926919342218038e-03
9.040000000000000000e+02 1.367757135334289262e-02
9.060000000000000000e+02 3.418323518733057398e-02
9.080000000000000000e+02 5.082235995384205840e-02
9.100000000000000000e+02 5.866624662246302385e-02
9.120000000000000000e+02 5.627002226078805375e-02
9.140000000000000000e+02 4.623078895847249764e-02
9.160000000000000000e+02 3.367610127636824768e-02
9.180000000000000000e+02 2.352204864429102010e-02
9.200000000000000000e+02 1.801405430703213045e-02
9.220000000000000000e+02 1.582957821410438740e-02
9.240000000000000000e+02 1.320184762618232567e-02
9.260000000000000000e+02 6.528403650795080483e-03
9.280000000000000000e+02 -4.931822257419771899e-03
9.300000000000000000e+02 -1.791023482529819841e-02
9.320000000000000000e+02 -2.637308394651759896e-02
9.340000000000000000e+02 -2.454314158650255928e-02
9.360000000000000000e+02 -1.002024808533631857e-02
9.380000000000000000e+02 1.465768164261331899e-02
9.400000000000000000e+02 4.281505238613402681e-02
9.420000000000000000e+02 6.648436366945167930e-02
9.440000000000000000e+02 7.996019069221711739e-02
9.460000000000000000e+02 8.219503566407847239e-02
9.480000000000000000e+02 7.666699297136186919e-02
9.500000000000000000e+02 6.882530570826289607e-02
9.520000000000000000e+02 6.266678776580796029e-02
9.540000000000000000e+02 5.837851005798562476e-02
9.560000000000000000e+02 5.227125308488159150e-02
9.580000000000000000e+02 3.907680916717180125e-02
9.600000000000000000e+02 1.555067015215655553e-02
9.620000000000000000e+02 -1.650776541154998223e-02
9.640000000000000000e+02 -4.969289050866036034e-02
9.660000000000000000e+02 -7.354182965267547223e-02
9.680000000000000000e+02 -7.904444656387601964e-02
9.700000000000000000e+02 -6.285367120173183941e-02
9.720000000000000000e+02 -2.915659788804992811e-02
9.740000000000000000e+02 1.168091703618172848e-02
9.760000000000000000e+02 4.717187768686510740e-02
9.780000000000000000e+02 6.771742713179058903e-02
9.800000000000000000e+02 7.025671712913977851e-02
9.820000000000000000e+02 5.884925699666199855e-02
9.840000000000000000e+02 4.208470940447686659e-02
9.860000000000000000e+02 2.880879115781551786e-02
9.880000000000000000e+02 2.427906573508658780e-02
9.900000000000000000e+02 2.840392728956872559e-02
9.920000000000000000e+02 3.663429309592219907e-02
9.940000000000000000e+02 4.284361310865255484e-02
9.960000000000000000e+02 4.260896844075708068e-02
9.980000000000000000e+02 3.520910080154773802e-02
1.000000000000000000e+03 2.351461147169315105e-02
1.002000000000000000e+03 1.217024902465431262e-02
1.004000000000000000e+03 5.246186877517346019e-03
1.006000000000000000e+03 4.556176991368854519e-03
1.008000000000000000e+03 9.313837088427813840e-03
1.010000000000000000e+03 1.703969956807268801e-02
1.012000000000000000e+03 2.497305385355061413e-02
1.014000000000000000e+03 3.107673925382807914e-02
1.016000000000000000e+03 3.419168958296950334e-02
1.018000000000000000e+03 3.360782362457464395e-02
1.020000000000000000e+03 2.869324290171641062e-02
1.022000000000000000e+03 1.907662310549404494e-02
1.024000000000000000e+03 5.414350727232813097e-03
1.026000000000000000e+03 -9.747999593239936589e-03
1.028000000000000000e+03 -2.183188793405684003e-02
1.030000000000000000e+03 -2.541001282038524156e-02
1.032000000000000000e+03 -1.653566589122523744e-02
1.034000000000000000e+03 4.849153868874826398e-03
1.036000000000000000e+03 3.378429533936441048e-02
1.038000000000000000e+03 6.130625902450428238e-02
1.040000000000000000e+03 7.752565087692259160e-02
1.042000000000000000e+03 7.567530440767752942e-02
1.044000000000000000e+03 5.532881087256500546e-02
1.046000000000000000e+03 2.307622769547753444e-02
1.048000000000000000e+03 -9.917898977027441235e-03
1.050000000000000000e+03 -3.242789356416517915e-02
1.052000000000000000e+03 -3.767789492733484430e-02
1.054000000000000000e+03 -2.588421740406771088e-02
1.056000000000000000e+03 -3.794121951346212870e-03
1.058000000000000000e+03 1.856418068060041934e-02
1.060000000000000000e+03 3.246382510904397001e-02
1.062000000000000000e+03 3.419658861976241498e-02
1.064000000000000000e+03 2.612400541426619302e-02
1.066000000000000000e+03 1.475560895063433159e-02
1.068000000000000000e+03 7.117819556630178637e-03
1.070000000000000000e+03 7.310790087295219834e-03
1.072000000000000000e+03 1.478053649050762100e-02
1.074000000000000000e+03 2.496186198055486485e-02
1.076000000000000000e+03 3.189128165026706291e-02
1.078000000000000000e+03 3.139462803970960447e-02
1.080000000000000000e+03 2.310008540749961328e-02
1.082000000000000000e+03 1.026787857430015889e-02
1.084000000000000000e+03 -2.198685564210222949e-03
1.086000000000000000e+03 -1.024948746660244402e-02
1.088000000000000000e+03 -1.237911882868153110e-02
1.090000000000000000e+03 -9.816660108572666105e-03
1.092000000000000000e+03 -5.283509015410819791e-03
1.094000000000000000e+03 -1.102993212512516511e-03
1.096000000000000000e+03 2.164316282041494656e-03
1.098000000000000000e+03 5.705387900560464874e-03
1.100000000000000000e+03 1.115686293139072499e-02
1.102000000000000000e+03 1.898167147220503753e-02
1.104000000000000000e+03 2.760817023497565831e-02
1.106000000000000000e+03 3.387956066067424749e-02
1.108000000000000000e+03 3.460830220368804611e-02
1.110000000000000000e+03 2.841514031968730980e-02
1.112000000000000000e+03 1.679301208801604536e-02
1.114000000000000000e+03 3.687212892860857773e-03
1.116000000000000000e+03 -6.262599236838802680e-03
1.118000000000000000e+03 -9.864163058139410398e-03
1.120000000000000000e+03 -6.741737307414056267e-03
1.122000000000000000e+03 7.543799694918374051e-04
1.124000000000000000e+03 8.992369019208003300e-03
1.126000000000000000e+03 1.503322130312628215e-02
1.128000000000000000e+03 1.800256557215065140e-02
1.130000000000000000e+03 1.906672787786485579e-02
1.132000000000000000e+03 2.008452131896594842e-02
1.134000000000000000e+03 2.183615829788225840e-02
1.136000000000000000e+03 2.297608234237577193e-02
1.138000000000000000e+03 2.043678628784282095e-02
1.140000000000000000e+03 1.121513663513340649e-02
1.142000000000000000e+03 -5.348842831705779254e-03
1.144000000000000000e+03 -2.615169814520540773e-02
1.146000000000000000e+03 -4.482347188690311707e-02
1.148000000000000000e+03 -5.416188968918583119e-02
1.150000000000000000e+03 -4.938464165697896424e-02
1.152000000000000000e+03 -3.059883153391300056e-02
1.154000000000000000e+03 -3.249803105966050498e-03
1.156000000000000000e+03 2.379860136519002314e-02
1.158000000000000000e+03 4.183611828539984118e-02
1.160000000000000000e+03 4.592681156666184733e-02
1.162000000000000000e+03 3.679409748987108597e-02
1.164000000000000000e+03 2.004605516791871378e-02
1.166000000000000000e+03 3.257932640034555578e-03
1.168000000000000000e+03 -7.535101273770392419e-03
1.170000000000000000e+03 -1.028926778093590573e-02
1.172000000000000000e+03 -7.329845006971665196e-03
1.174000000000000000e+03 -3.582084330138258447e-03
1.176000000000000000e+03 -3.593336675011643729e-03
1.178000000000000000e+03 -8.963172106015337287e-03
1.180000000000000000e+03 -1.758953374152930765e-02
1.182000000000000000e+03 -2.501702054027876015e-02
1.184000000000000000e+03 -2.694730245055857593e-02
1.186000000000000000e+03 -2.149010731219209991e-02
1.188000000000000000e+03 -1.007279482261412215e-02
1.190000000000000000e+03 3.347896665287848628e-03
1.192000000000000000e+03 1.432717361992815949e-02
1.194000000000000000e+03 2.011762148560852781e-02
1.196000000000000000e+03 2.076282217372386885e-02
1.198000000000000000e+03 1.853307738651014877e-02
1.200000000000000000e+03 1.619188746602119588e-02
1.202000000000000000e+03 1.522639871522146054e-02
1.204000000000000000e+03 1.505192877154847703e-02
1.206000000000000000e+03 1.357541976987704062e-02
1.208000000000000000e+03 8.767037122884265357e-03
1.210000000000000000e+03 3.108804726157656743e-04
1.212000000000000000e+03 -9.719069955625762869e-03
1.214000000000000000e+03 -1.767210379360361489e-02
1.216000000000000000e+03 -2.020326916982521925e-02
1.218000000000000000e+03 -1.614149281400858657e-02
1.220000000000000000e+03 -7.288270012743551345e-03
1.222000000000000000e+03 2.320297444366007343e-03
1.224000000000000000e+03 8.376175625327157703e-03
1.226000000000000000e+03 8.513658300280979238e-03
1.228000000000000000e+03 3.572001813489509257e-03
1.230000000000000000e+03 -2.844798180088052488e-03
1.232000000000000000e+03 -6.302503546189966617e-03
1.234000000000000000e+03 -3.916307054491133775e-03
1.236000000000000000e+03 4.072194672153433941e-03
1.238000000000000000e+03 1.432046048306125433e-02
1.240000000000000000e+03 2.202510509840270927e-02
1.242000000000000000e+03 2.337800558615195715e-02
1.244000000000000000e+03 1.755785163473850066e-02
1.246000000000000000e+03 7.179433600797504450e-03
1.248000000000000000e+03 -3.013118448362235319e-03
1.250000000000000000e+03 -8.463510114510163981e-03
1.252000000000000000e+03 -6.938759715216844155e-03
1.254000000000000000e+03 5.158071443281036844e-04
1.256000000000000000e+03 1.020509311873456573e-02
1.258000000000000000e+03 1.764969464229852736e-02
1.260000000000000000e+03 1.970934243387764337e-02
1.262000000000000000e+03 1.585468234841862917e-02
1.264000000000000000e+03 8.024093238623521487e-03
1.266000000000000000e+03 -6.485717656109149650e-04
1.268000000000000000e+03 -7.409664985861361131e-03
1.270000000000000000e+03 -1.095110809023584243e-02
1.272000000000000000e+03 -1.153078904334671820e-02
1.274000000000000000e+03 -1.023141525122352180e-02
1.276000000000000000e+03 -7.926917433712186295e-03
1.278000000000000000e+03 -4.702163233712724176e-03
1.280000000000000000e+03 -1.190202412279942675e-04
1.282000000000000000e+03 5.940791727757021266e-03
1.284000000000000000e+03 1.255150831102089769e-02
1.286000000000000000e+03 1.773125946614640888e-02
1.288000000000000000e+03 1.928155891617195847e-02
1.290000000000000000e+03 1.610498717729328191e-02
1.292000000000000000e+03 9.246673031823365516e-03
1.294000000000000000e+03 1.878020945013354238e-03
1.296000000000000000e+03 -2.041821706345499973e-03
1.298000000000000000e+03 1.527523102050987538e-04
1.300000000000000000e+03 8.145386055565268651e-03
1.302000000000000000e+03 1.833363750543657439e-02
1.304000000000000000e+03 2.521459825493827314e-02
1.306000000000000000e+03 2.394980333928551156e-02
1.308000000000000000e+03 1.295608875362574963e-02
1.310000000000000000e+03 -4.830578273924378274e-03
1.312000000000000000e+03 -2.285594101659983376e-02
1.314000000000000000e+03 -3.373423657159844297e-02
1.316000000000000000e+03 -3.260380827401217207e-02
1.318000000000000000e+03 -1.944898177820122975e-02
1.320000000000000000e+03 6.911579751419015495e-04
1.322000000000000000e+03 1.977519148938853069e-02
1.324000000000000000e+03 3.024222576440835017e-02
1.326000000000000000e+03 2.836286320986112011e-02
1.328000000000000000e+03 1.583272428207513002e-02
1.330000000000000000e+03 -1.169064535168262394e-03
1.332000000000000000e+03 -1.490886549412274997e-02
1.334000000000000000e+03 -1.953268924129055936e-02
1.336000000000000000e+03 -1.345633340536884180e-02
1.338000000000000000e+03 2.294882401537103901e-04
1.340000000000000000e+03 1.539456567984057687e-02
1.342000000000000000e+03 2.572034695247674141e-02
1.344000000000000000e+03 2.739119423838361211e-02
1.346000000000000000e+03 2.039351352916918617e-02
1.348000000000000000e+03 8.008633187195678474e-03
1.350000000000000000e+03 -4.976231245252054139e-03
1.352000000000000000e+03 -1.433089861323726642e-02
1.354000000000000000e+03 -1.779788348751092444e-02
1.356000000000000000e+03 -1.538850388550884810e-02
1.358000000000000000e+03 -8.677396617418741548e-03
1.360000000000000000e+03 2.936539951490404858e-04
1.362000000000000000e+03 9.793482329606287631e-03
1.364000000000000000e+03 1.853610768575388382e-02
1.366000000000000000e+03 2.538955439406285694e-02
1.368000000000000000e+03 2.913960274690908375e-02
1.370000000000000000e+03 2.865397575076962869e-02
1.372000000000000000e+03 2.344714001388658112e-02
1.374000000000000000e+03 1.430840631773279414e-02
1.376000000000000000e+03 3.491517252277693932e-03
1.378000000000000000e+03 -5.879649659361906901e-03
1.380000000000000000e+03 -1.106730724290332264e-02
1.382000000000000000e+03 -1.103428005072174499e-02
1.384000000000000000e+03 -7.078430932711396104e-03
1.386000000000000000e+03 -2.350379698837481469e-03
1.388000000000000000e+03 -3.689610045274790929e-04
1.390000000000000000e+03 -3.195623194747640623e-03
1.392000000000000000e+03 -1.021596622333502576e-02
1.394000000000000000e+03 -1.826622756987530613e-02
1.396000000000000000e+03 -2.314256725079262902e-02
1.398000000000000000e+03 -2.175186554691632690e-02
1.400000000000000000e+03 -1.380907422491778336e-02
1.402000000000000000e+03 -2.210355616566859853e-03
1.404000000000000000e+03 8.181954568229728858e-03
1.406000000000000000e+03 1.286227494643265266e-02
1.408000000000000000e+03 1.000343811424635361e-02
1.410000000000000000e+03 1.530602005653239643e-03
1.412000000000000000e+03 -7.694436170958792072e-03
1.414000000000000000e+03 -1.218132162593759012e-02
1.416000000000000000e+03 -8.448148327420154299e-03
1.418000000000000000e+03 3.254575000351996646e-03
1.420000000000000000e+03 1.890765011057039119e-02
1.422000000000000000e+03 3.243115621126396036e-02
1.424000000000000000e+03 3.840391508777138418e-02
1.426000000000000000e+03 3.448728369392901200e-02
1.428000000000000000e+03 2.233172038145746913e-02
1.430000000000000000e+03 6.587111176215896570e-03
1.432000000000000000e+03 -7.331856596429231834e-03
1.434000000000000000e+03 -1.555728870604484483e-02
1.436000000000000000e+03 -1.713890750813641672e-02
1.438000000000000000e+03 -1.397706645558495324e-02
1.440000000000000000e+03 -9.461283630789553423e-03
1.442000000000000000e+03 -6.563378032273271649e-03
1.444000000000000000e+03 -6.411082709122712178e-03
1.446000000000000000e+03 -8.044261499973016580e-03
1.448000000000000000e+03 -9.310707672712498217e-03
1.450000000000000000e+03 -8.246898582956661145e-03
1.452000000000000000e+03 -4.167915810839026465e-03
1.454000000000000000e+03 2.032114928788191117e-03
1.456000000000000000e+03 8.434264365824986967e-03
1.458000000000000000e+03 1.313704648797104496e-02
1.460000000000000000e+03 1.516359918810897441e-02
1.462000000000000000e+03 1.472790767557349834e-02
1.464000000000000000e+03 1.280634147552952608e-02
1.466000000000000000e+03 1.040200005120375804e-02
1.468000000000000000e+03 8.007987527554143864e-03
1.470000000000000000e+03 5.571864594267528573e-03
1.472000000000000000e+03 2.924524052876715120e-03
1.474000000000000000e+03 3.307761856750746185e-04
1.476000000000000000e+03 -1.301908604821608003e-03
1.478000000000000000e+03 -8.239709727743914618e-04
1.480000000000000000e+03 2.322581163711818619e-03
1.482000000000000000e+03 7.381517930460450641e-03
1.484000000000000000e+03 1.221547531727545412e-02
1.486000000000000000e+03 1.408470762483230235e-02
1.488000000000000000e+03 1.098346471717472940e-02
1.490000000000000000e+03 2.881196234866235766e-03
1.492000000000000000e+03 -7.850501894646007631e-03
1.494000000000000000e+03 -1.720330667326756477e-02
1.496000000000000000e+03 -2.123944020124094931e-02
1.498000000000000000e+03 -1.794754107203575672e-02
1.500000000000000000e+03 -8.333697290569635346e-03
1.502000000000000000e+03 3.829728971147497614e-03
1.504000000000000000e+03 1.357318023792342988e-02
1.506000000000000000e+03 1.695589757012523971e-02
1.508000000000000000e+03 1.288756368173872742e-02
1.510000000000000000e+03 3.611764945823006667e-03
1.512000000000000000e+03 -6.396540376630584397e-03
1.514000000000000000e+03 -1.253664513526058823e-02
1.516000000000000000e+03 -1.215981603621204589e-02
1.518000000000000000e+03 -5.689589699928347157e-03
1.520000000000000000e+03 3.677755727114450247e-03
1.522000000000000000e+03 1.153362383175277756e-02
1.524000000000000000e+03 1.432280355592067435e-02
1.526000000000000000e+03 1.088123949253409252e-02
1.528000000000000000e+03 2.715888064313400161e-03
1.530000000000000000e+03 -6.968500713574536133e-03
1.532000000000000000e+03 -1.484683162613829877e-02
1.534000000000000000e+03 -1.882839823036721108e-02
1.536000000000000000e+03 -1.860274909492016029e-02
1.538000000000000000e+03 -1.523437856258327144e-02
1.540000000000000000e+03 -1.015413680510858854e-02
1.542000000000000000e+03 -4.231770768789846170e-03
1.544000000000000000e+03 2.465655385898666944e-03
1.546000000000000000e+03 1.013631161063421014e-02
1.548000000000000000e+03 1.839088934951024421e-02
1.550000000000000000e+03 2.573120073614957454e-02
1.552000000000000000e+03 2.977117001124557003e-02
1.554000000000000000e+03 2.818979036181297124e-02
1.556000000000000000e+03 1.999497486013441724e-02
1.558000000000000000e+03 6.417429174659840078e-03
1.560000000000000000e+03 -9.166779235912345114e-03
1.562000000000000000e+03 -2.239622424485596119e-02
1.564000000000000000e+03 -2.965277528576416854e-02
1.566000000000000000e+03 -2.952112424588857614e-02
1.568000000000000000e+03 -2.329352205454226013e-02
1.570000000000000000e+03 -1.429644930536220701e-02
1.572000000000000000e+03 -6.348104340503337578e-03
1.574000000000000000e+03 -2.072850916846942764e-03
1.576000000000000000e+03 -1.899634888066669986e-03
1.578000000000000000e+03 -4.219425298254511972e-03
1.580000000000000000e+03 -6.534995757581858397e-03
1.582000000000000000e+03 -6.921938704852376861e-03
1.584000000000000000e+03 -5.029736438281888142e-03
1.586000000000000000e+03 -2.152266584059860707e-03
1.588000000000000000e+03 -3.817061251330827092e-04
1.590000000000000000e+03 -1.326164857063340989e-03
1.592000000000000000e+03 -5.111382844616906181e-03
1.594000000000000000e+03 -1.022750050527318315e-02
1.596000000000000000e+03 -1.428394143847737212e-02
1.598000000000000000e+03 -1.522655663387307255e-02
1.600000000000000000e+03 -1.236228989341090281e-02
1.602000000000000000e+03 -6.682647876157314128e-03
1.604000000000000000e+03 -3.476739961307724895e-04
1.606000000000000000e+03 4.378801874224234544e-03
1.608000000000000000e+03 6.158580842983388259e-03
1.610000000000000000e+03 5.026427167168716348e-03
1.612000000000000000e+03 2.083313631721757635e-03
1.614000000000000000e+03 -1.288582250765122131e-03
1.616000000000000000e+03 -4.191688003145604274e-03
1.618000000000000000e+03 -6.542000080238274430e-03
1.620000000000000000e+03 -8.816640380804362589e-03
1.622000000000000000e+03 -1.141197133531479495e-02
1.624000000000000000e+03 -1.405902640079354990e-02
1.626000000000000000e+03 -1.573521804793241025e-02
1.628000000000000000e+03 -1.518767998713651569e-02
1.630000000000000000e+03 -1.176279666473454763e-02
1.632000000000000000e+03 -6.030154291464341620e-03
1.634000000000000000e+03 1.986754880234368927e-04
1.636000000000000000e+03 4.544110676124263858e-03
1.638000000000000000e+03 5.151926624162838850e-03
1.640000000000000000e+03 1.658254580522719587e-03
1.642000000000000000e+03 -4.532951491547632800e-03
1.644000000000000000e+03 -1.087259834482868538e-02
1.646000000000000000e+03 -1.488325892292531941e-02
1.648000000000000000e+03 -1.533431127858381898e-02
1.650000000000000000e+03 -1.278669559459412117e-02
1.652000000000000000e+03 -9.243989911971730103e-03
1.654000000000000000e+03 -7.067992339293538949e-03
1.656000000000000000e+03 -7.692792120259753924e-03
1.658000000000000000e+03 -1.082597679572555940e-02
1.660000000000000000e+03 -1.459379849617711833e-02
1.662000000000000000e+03 -1.655060957688257728e-02
1.664000000000000000e+03 -1.499100895897522746e-02
1.666000000000000000e+03 -9.879325438326917730e-03
1.668000000000000000e+03 -2.941496030234890587e-03
1.670000000000000000e+03 3.129687282443464370e-03
1.672000000000000000e+03 5.977580118835904358e-03
1.674000000000000000e+03 4.725606687880172345e-03
1.676000000000000000e+03 3.470739611256376165e-04
1.678000000000000000e+03 -4.918101511166535558e-03
1.680000000000000000e+03 -8.737338008413109494e-03
1.682000000000000000e+03 -9.809809883997990324e-03
1.684000000000000000e+03 -8.397696323949665337e-03
1.686000000000000000e+03 -6.045562280425866540e-03
1.688000000000000000e+03 -4.656842060350630322e-03
1.690000000000000000e+03 -5.422974793654751838e-03
1.692000000000000000e+03 -8.197885737772339990e-03
1.694000000000000000e+03 -1.165545378123200929e-02
1.696000000000000000e+03 -1.409426706887020528e-02
1.698000000000000000e+03 -1.439605729426909030e-02
1.700000000000000000e+03 -1.261352818723087549e-02
1.702000000000000000e+03 -9.902554927312890581e-03
1.704000000000000000e+03 -7.855499462257000201e-03
1.706000000000000000e+03 -7.600923683493966167e-03
1.708000000000000000e+03 -9.175563617060091687e-03
1.710000000000000000e+03 -1.152845152801974110e-02
1.712000000000000000e+03 -1.313728881012295874e-02
1.714000000000000000e+03 -1.285933411772757599e-02
1.716000000000000000e+03 -1.053657353195009902e-02
1.718000000000000000e+03 -7.044827332059841463e-03
1.720000000000000000e+03 -3.782669806371023562e-03
1.722000000000000000e+03 -1.892380524537201365e-03
1.724000000000000000e+03 -1.659477320833654479e-03
1.726000000000000000e+03 -2.441035730342544507e-03
1.728000000000000000e+03 -3.151290564173666719e-03
1.730000000000000000e+03 -2.993211554713199815e-03
1.732000000000000000e+03 -1.992040877501361114e-03
1.734000000000000000e+03 -1.016635424283867262e-03
1.736000000000000000e+03 -1.264398192314477405e-03
1.738000000000000000e+03 -3.489670752337191081e-03
1.740000000000000000e+03 -7.426174531609913004e-03
1.742000000000000000e+03 -1.177080581008932252e-02
1.744000000000000000e+03 -1.477499352465050896e-02
1.746000000000000000e+03 -1.513185752060718439e-02
1.748000000000000000e+03 -1.268133502301870344e-02
1.750000000000000000e+03 -8.551967757464707873e-03
1.752000000000000000e+03 -4.638178185858580875e-03
1.754000000000000000e+03 -2.653247252091780681e-03
1.756000000000000000e+03 -3.252464640257196268e-03
1.758000000000000000e+03 -5.718568523445204110e-03
1.760000000000000000e+03 -8.391877190827002481e-03
1.762000000000000000e+03 -9.599433968513022483e-03
1.764000000000000000e+03 -8.576446662966467904e-03
1.766000000000000000e+03 -5.902447118794110735e-03
1.768000000000000000e+03 -3.221138377423863990e-03
1.770000000000000000e+03 -2.358837720179627218e-03
1.772000000000000000e+03 -4.284032889636865161e-03
1.774000000000000000e+03 -8.484269490846775563e-03
1.776000000000000000e+03 -1.313143857952573171e-02
1.778000000000000000e+03 -1.595629070880714290e-02
1.780000000000000000e+03 -1.536838417666498355e-02
1.782000000000000000e+03 -1.126558206815321019e-02
1.784000000000000000e+03 -5.152908762933144059e-03
1.786000000000000000e+03 4.976642974931027273e-04
1.788000000000000000e+03 3.365123366618838398e-03
1.790000000000000000e+03 2.331811135675320844e-03
1.792000000000000000e+03 -2.063605146214537913e-03
1.794000000000000000e+03 -7.972940915607957049e-03
1.796000000000000000e+03 -1.314505028077375508e-02
1.798000000000000000e+03 -1.590440822748780472e-02
1.800000000000000000e+03 -1.575542336909795116e-02
1.802000000000000000e+03 -1.339009885858613060e-02
1.804000000000000000e+03 -1.016044789009733912e-02
1.806000000000000000e+03 -7.331341143297711270e-03
1.808000000000000000e+03 -5.531331250751885843e-03
1.810000000000000000e+03 -4.672381539546772468e-03
1.812000000000000000e+03 -4.297159546232822043e-03
1.814000000000000000e+03 -4.064635416272189931e-03
1.816000000000000000e+03 -4.053871123244029255e-03
1.818000000000000000e+03 -4.715768850986932353e-03
1.820000000000000000e+03 -6.515170221124080667e-03
1.822000000000000000e+03 -9.487686445112428202e-03
1.824000000000000000e+03 -1.300474748155861122e-02
1.826000000000000000e+03 -1.593243989663059579e-02
1.828000000000000000e+03 -1.712798261298522848e-02
1.830000000000000000e+03 -1.600374816479838841e-02
1.832000000000000000e+03 -1.284474721137695598e-02
1.834000000000000000e+03 -8.700823184366136831e-03
1.836000000000000000e+03 -4.899810551098552312e-03
1.838000000000000000e+03 -2.432656771130607774e-03
1.840000000000000000e+03 -1.541450922823582939e-03
1.842000000000000000e+03 -1.732101936291560338e-03
1.844000000000000000e+03 -2.185519667145413916e-03
1.846000000000000000e+03 -2.313537821173348996e-03
1.848000000000000000e+03 -2.136261599261958175e-03
1.850000000000000000e+03 -2.265025682045628680e-03
1.852000000000000000e+03 -3.490745270177658850e-03
1.854000000000000000e+03 -6.203519895696259570e-03
1.856000000000000000e+03 -9.989837913304530637e-03
1.858000000000000000e+03 -1.367293979629250963e-02
1.860000000000000000e+03 -1.580663180771891066e-02
1.862000000000000000e+03 -1.537058810200562196e-02
1.864000000000000000e+03 -1.230924203002302895e-02
1.866000000000000000e+03 -7.637611822638068655e-03
1.868000000000000000e+03 -3.040699538808100139e-03
1.870000000000000000e+03 -1.390224877703973266e-04
1.872000000000000000e+03 2.187020461253326464e-04
1.874000000000000000e+03 -1.730288868131613653e-03
1.876000000000000000e+03 -4.888156160951899649e-03
1.878000000000000000e+03 -7.903359728270694176e-03
1.880000000000000000e+03 -9.820416403524167420e-03
1.882000000000000000e+03 -1.045512138023010039e-02
1.884000000000000000e+03 -1.033599272781080686e-02
1.886000000000000000e+03 -1.026488837830353065e-02
1.888000000000000000e+03 -1.075000345377037300e-02
1.890000000000000000e+03 -1.165093519653507409e-02
1.892000000000000000e+03 -1.225603347332981236e-02
1.894000000000000000e+03 -1.173977823488323025e-02
1.896000000000000000e+03 -9.717854647508284566e-03
1.898000000000000000e+03 -6.578729599793052205e-03
1.900000000000000000e+03 -3.405659821162229477e-03
1.902000000000000000e+03 -1.511466000206984758e-03
1.904000000000000000e+03 -1.806442835911790425e-03
1.906000000000000000e+03 -4.327643892462579474e-03
1.908000000000000000e+03 -8.192853839496763713e-03
1.910000000000000000e+03 -1.201049498867344696e-02
1.912000000000000000e+03 -1.452207434628524987e-02
1.914000000000000000e+03 -1.514355825857689394e-02
1.916000000000000000e+03 -1.414865181167928275e-02
1.918000000000000000e+03 -1.242617970758559502e-02
1.920000000000000000e+03 -1.095279286770805584e-02
1.922000000000000000e+03 -1.026796534518998813e-02
1.924000000000000000e+03 -1.023744799687774376e-02
1.926000000000000000e+03 -1.022147936931272483e-02
1.928000000000000000e+03 -9.526499353604554396e-03
1.930000000000000000e+03 -7.870032360867916174e-03
1.932000000000000000e+03 -5.602627711799050905e-03
1.934000000000000000e+03 -3.570697554959353058e-03
1.936000000000000000e+03 -2.691426045301289864e-03
1.938000000000000000e+03 -3.467296214538341873e-03
1.940000000000000000e+03 -5.709952530420442721e-03
1.942000000000000000e+03 -8.626806570054532108e-03
1.944000000000000000e+03 -1.121316206294970842e-02
1.946000000000000000e+03 -1.272723321365899600e-02
1.948000000000000000e+03 -1.299871630723947215e-02
1.950000000000000000e+03 -1.242366391522279831e-02
1.952000000000000000e+03 -1.166378590417509187e-02
1.954000000000000000e+03 -1.122462208985020547e-02
1.956000000000000000e+03 -1.115761224283095231e-02
1.958000000000000000e+03 -1.106037430506798779e-02
1.960000000000000000e+03 -1.036935639243912952e-02
1.962000000000000000e+03 -8.767968120802041229e-03
1.964000000000000000e+03 -6.474687845195457696e-03
1.966000000000000000e+03 -4.243638147793184039e-03
1.968000000000000000e+03 -3.056987396437161903e-03
1.970000000000000000e+03 -3.651149126183464953e-03
1.972000000000000000e+03 -6.121757178883512410e-03
1.974000000000000000e+03 -9.823945842704340931e-03
1.976000000000000000e+03 -1.362445203818924734e-02
1.978000000000000000e+03 -1.637214121091874405e-02
1.980000000000000000e+03 -1.735297056707791122e-02
1.982000000000000000e+03 -1.652320570388297188e-02
1.984000000000000000e+03 -1.443380765345589345e-02
1.986000000000000000e+03 -1.190990329747545519e-02
1.988000000000000000e+03 -9.666710389371209119e-03
1.990000000000000000e+03 -8.062360401908337526e-03
1.992000000000000000e+03 -7.091146795184079601e-03
1.994000000000000000e+03 -6.572858747138979156e-03
1.996000000000000000e+03 -6.392531957931968031e-03
1.998000000000000000e+03 -6.636843698419104577e-03
