# r_A g_mean g_min g_max
2.890075206756591644e-02 0.000000000000000000e+00 0.000000000000000000e+00 0.000000000000000000e+00
8.670225620269775280e-02 0.000000000000000000e+00 0.000000000000000000e+00 0.000000000000000000e+00
1.445037603378295787e-01 0.000000000000000000e+00 0.000000000000000000e+00 0.000000000000000000e+00
2.023052644729614324e-01 0.000000000000000000e+00 0.000000000000000000e+00 0.000000000000000000e+00
2.601067686080932306e-01 0.000000000000000000e+00 0.000000000000000000e+00 0.000000000000000000e+00
3.179082727432250843e-01 0.000000000000000000e+00 0.000000000000000000e+00 0.000000000000000000e+00
3.757097768783569380e-01 0.000000000000000000e+00 0.000000000000000000e+00 0.000000000000000000e+00
4.335112810134887362e-01 0.000000000000000000e+00 0.000000000000000000e+00 0.000000000000000000e+00
4.913127851486205344e-01 0.000000000000000000e+00 0.000000000000000000e+00 0.000000000000000000e+00
5.491142892837523881e-01 0.000000000000000000e+00 0.000000000000000000e+00 0.000000000000000000e+00
6.069157934188842418e-01 0.000000000000000000e+00 0.000000000000000000e+00 0.000000000000000000e+00
6.647172975540160955e-01 0.000000000000000000e+00 0.000000000000000000e+00 0.000000000000000000e+00
7.225188016891479492e-01 0.000000000000000000e+00 0.000000000000000000e+00 0.000000000000000000e+00
7.803203058242798029e-01 0.000000000000000000e+00 0.000000000000000000e+00 0.000000000000000000e+00
8.381218099594115456e-01 0.000000000000000000e+00 0.000000000000000000e+00 0.000000000000000000e+00
8.959233140945433993e-01 0.000000000000000000e+00 0.000000000000000000e+00 0.000000000000000000e+00
9.537248182296752530e-01 0.000000000000000000e+00 0.000000000000000000e+00 0.000000000000000000e+00
1.011526322364806996e+00 0.000000000000000000e+00 0.000000000000000000e+00 0.000000000000000000e+00
1.069327826499938849e+00 0.000000000000000000e+00 0.000000000000000000e+00 0.000000000000000000e+00
1.127129330635070703e+00 0.000000000000000000e+00 0.000000000000000000e+00 0.000000000000000000e+00
1.184930834770202557e+00 0.000000000000000000e+00 0.000000000000000000e+00 0.000000000000000000e+00
1.242732338905334410e+00 0.000000000000000000e+00 0.000000000000000000e+00 0.000000000000000000e+00
1.300533843040466264e+00 0.000000000000000000e+00 0.000000000000000000e+00 0.000000000000000000e+00
1.358335347175598118e+00 0.000000000000000000e+00 0.000000000000000000e+00 0.000000000000000000e+00
1.416136851310729972e+00 0.000000000000000000e+00 0.000000000000000000e+00 0.000000000000000000e+00
1.473938355445861825e+00 0.000000000000000000e+00 0.000000000000000000e+00 0.000000000000000000e+00
1.531739859580993457e+00 0.000000000000000000e+00 0.000000000000000000e+00 0.000000000000000000e+00
1.589541363716125311e+00 0.000000000000000000e+00 0.000000000000000000e+00 0.000000000000000000e+00
1.647342867851257164e+00 0.000000000000000000e+00 0.000000000000000000e+00 0.000000000000000000e+00
1.705144371986389018e+00 0.000000000000000000e+00 0.000000000000000000e+00 0.000000000000000000e+00
1.762945876121520872e+00 0.000000000000000000e+00 0.000000000000000000e+00 0.000000000000000000e+00
1.820747380256652725e+00 0.000000000000000000e+00 0.000000000000000000e+00 0.000000000000000000e+00
1.878548884391784579e+00 0.000000000000000000e+00 0.000000000000000000e+00 0.000000000000000000e+00
1.936350388526916433e+00 0.000000000000000000e+00 0.000000000000000000e+00 0.000000000000000000e+00
1.994151892662048287e+00 0.000000000000000000e+00 0.000000000000000000e+00 0.000000000000000000e+00
2.051953396797180140e+00 0.000000000000000000e+00 0.000000000000000000e+00 0.000000000000000000e+00
2.109754900932311550e+00 0.000000000000000000e+00 0.000000000000000000e+00 0.000000000000000000e+00
2.167556405067443848e+00 0.000000000000000000e+00 0.000000000000000000e+00 0.000000000000000000e+00
2.225357909202575257e+00 0.000000000000000000e+00 0.000000000000000000e+00 0.000000000000000000e+00
2.283159413337707555e+00 0.000000000000000000e+00 0.000000000000000000e+00 0.000000000000000000e+00
2.340960917472838965e+00 0.000000000000000000e+00 0.000000000000000000e+00 0.000000000000000000e+00
2.398762421607971262e+00 0.000000000000000000e+00 0.000000000000000000e+00 0.000000000000000000e+00
2.456563925743102672e+00 0.000000000000000000e+00 0.000000000000000000e+00 0.000000000000000000e+00
2.514365429878234970e+00 0.000000000000000000e+00 0.000000000000000000e+00 0.000000000000000000e+00
2.572166934013366379e+00 0.000000000000000000e+00 0.000000000000000000e+00 0.000000000000000000e+00
2.629968438148498677e+00 0.000000000000000000e+00 0.000000000000000000e+00 0.000000000000000000e+00
2.687769942283630087e+00 0.000000000000000000e+00 0.000000000000000000e+00 0.000000000000000000e+00
2.745571446418762385e+00 0.000000000000000000e+00 0.000000000000000000e+00 0.000000000000000000e+00
2.803372950553893794e+00 0.000000000000000000e+00 0.000000000000000000e+00 0.000000000000000000e+00
2.861174454689026092e+00 0.000000000000000000e+00 0.000000000000000000e+00 0.000000000000000000e+00
2.918975958824157502e+00 0.000000000000000000e+00 0.000000000000000000e+00 0.000000000000000000e+00
2.976777462959289799e+00 8.824357394713259323e-06 0.000000000000000000e+00 5.882904929808839323e-05
3.034578967094421209e+00 1.245405780121848786e-04 5.660935364190222680e-05 1.981327377466577972e-04
3.092380471229553063e+00 2.278641522309598436e-03 1.907953427771194761e-03 2.671134798879672839e-03
3.150181975364684916e+00 1.714608192733250644e-02 1.573300103319879087e-02 1.998800298207726450e-02
3.207983479499816326e+00 8.049837437914722504e-02 7.722352939685361850e-02 8.282090558468722941e-02
3.265784983634948624e+00 2.487587043699615863e-01 2.432159612026818241e-01 2.586613478063891081e-01
3.323586487770080033e+00 5.723534126131513133e-01 5.611192298819982494e-01 5.802558024402110215e-01
3.381387991905212331e+00 1.040679439651939431e+00 1.032178635438962155e+00 1.056456877559693863e+00
3.439189496040343741e+00 1.569852037836796832e+00 1.555876387660401150e+00 1.578221561546975016e+00
3.496991000175476039e+00 2.079992232603554481e+00 2.069610079465474151e+00 2.092245773640472262e+00
3.554792504310607448e+00 2.481550975422150085e+00 2.469141941688504538e+00 2.489686153122532275e+00
3.612594008445739746e+00 2.736937115298023748e+00 2.728868444375291080e+00 2.748221271415212108e+00
3.670395512580871156e+00 2.853753154007644621e+00 2.832549806130658876e+00 2.867434043946340161e+00
3.728197016716003453e+00 2.841062243957628741e+00 2.822155858741056900e+00 2.857973351067630841e+00
3.785998520851134863e+00 2.752090273793676101e+00 2.740788671113925989e+00 2.761609805576216825e+00
3.843800024986267161e+00 2.600221306933024668e+00 2.590760106123287887e+00 2.612882697612025851e+00
3.901601529121398571e+00 2.422727074817927040e+00 2.412703395431063935e+00 2.430083024022908766e+00
3.959403033256530868e+00 2.231753077824205622e+00 2.223429847225370182e+00 2.241236838778211560e+00
4.017204537391662278e+00 2.041029400768926472e+00 2.030711823180243236e+00 2.051337287458183667e+00
4.075006041526794576e+00 1.861104750511146877e+00 1.851770007616336811e+00 1.864374343490781794e+00
4.132807545661925985e+00 1.694109525262285532e+00 1.687971723731819029e+00 1.702866040722708085e+00
4.190609049797057395e+00 1.544715311375125522e+00 1.541259977520801794e+00 1.549007762194156923e+00
4.248410553932189693e+00 1.411518814578867076e+00 1.403874994529854092e+00 1.417637625375706145e+00
4.306212058067321991e+00 1.293813104263433322e+00 1.286474312500092143e+00 1.298703289389781856e+00
4.364013562202453400e+00 1.190306091614914408e+00 1.183217897597819146e+00 1.197698124031661093e+00
4.421815066337584810e+00 1.100861304389332052e+00 1.091097721469926674e+00 1.106988205959182903e+00
4.479616570472717108e+00 1.019084018096168220e+00 1.010373498617433752e+00 1.024401773352049405e+00
4.537418074607849405e+00 9.515409385564735922e-01 9.477137232188425076e-01 9.574368505073000968e-01
4.595219578742980815e+00 8.904333321595334638e-01 8.867807926752266923e-01 8.962608546013760558e-01
4.653021082878112225e+00 8.392115967614186545e-01 8.328742353832120360e-01 8.429990851534853169e-01
4.710822587013244522e+00 7.943769596515147802e-01 7.885418253149966139e-01 8.000053742530840450e-01
4.768624091148376820e+00 7.556263571514707511e-01 7.519469168941117498e-01 7.598216067907025417e-01
4.826425595283508230e+00 7.230248269012148343e-01 7.188712738333195018e-01 7.275431586059994959e-01
4.884227099418639639e+00 6.935835611215991348e-01 6.896872575185587495e-01 6.966472838649881982e-01
4.942028603553771937e+00 6.726658434127872344e-01 6.676083017826510702e-01 6.763701538154466286e-01
4.999830107688903347e+00 6.515046793220554688e-01 6.469648313404023909e-01 6.563281374670089097e-01
5.057631611824035645e+00 6.379864003762769631e-01 6.351658413643624934e-01 6.411676811693391986e-01
5.115433115959167054e+00 6.251782402351281354e-01 6.201459912904155880e-01 6.285729164828678384e-01
5.173234620094298464e+00 6.175767505467036900e-01 6.148973975188984920e-01 6.206729567536801717e-01
5.231036124229430762e+00 6.125904847046901303e-01 6.086707362272878452e-01 6.166626413853451005e-01
5.288837628364563059e+00 6.103991214501982565e-01 6.066493793493382691e-01 6.164896568307198788e-01
5.346639132499694469e+00 6.113401063992395246e-01 6.082563799500481094e-01 6.149763870259027376e-01
5.404440636634825879e+00 6.152391089898525678e-01 6.129491946947563941e-01 6.180716062512067177e-01
5.462242140769958176e+00 6.216378597983621690e-01 6.148620677557460334e-01 6.259482979028317962e-01
5.520043644905090474e+00 6.300148672966962016e-01 6.247471930425732012e-01 6.328394630074973826e-01
5.577845149040221884e+00 6.423582104260002756e-01 6.382312924978496005e-01 6.446151972100923055e-01
5.635646653175353293e+00 6.578379074033430252e-01 6.561218534737717212e-01 6.601350068528265558e-01
5.693448157310485591e+00 6.742057770907097236e-01 6.713568266209370972e-01 6.763583710527707460e-01
5.751249661445617889e+00 6.957001912892710749e-01 6.900106491512749685e-01 7.013188111568490202e-01
5.809051165580749299e+00 7.187542236669309803e-01 7.167606043383136782e-01 7.244693687318050079e-01
5.866852669715880708e+00 7.442261148861655240e-01 7.412447182638665089e-01 7.470908909649454088e-01
5.924654173851013006e+00 7.714739874573255385e-01 7.668618707168828319e-01 7.742504653984807472e-01
5.982455677986145304e+00 8.049016290246415739e-01 8.007794932649265895e-01 8.095262866349226538e-01
6.040257182121276713e+00 8.363151852232684202e-01 8.331574456334044365e-01 8.382655537934788903e-01
6.098058686256408123e+00 8.707144243767137581e-01 8.677094882128513209e-01 8.747539501785188687e-01
6.155860190391540421e+00 9.043344165270115198e-01 9.019097799486195388e-01 9.072405412202610986e-01
6.213661694526671830e+00 9.386932441660320592e-01 9.367725768403540876e-01 9.428349995414396778e-01
6.271463198661804128e+00 9.726807106739444597e-01 9.656764663798301784e-01 9.780096091855321472e-01
6.329264702796935538e+00 1.007763228031178127e+00 1.003692656217248791e+00 1.010635271507310806e+00
6.387066206932066947e+00 1.038817251713684220e+00 1.033906332410217344e+00 1.043426589712020069e+00
6.444867711067199245e+00 1.070093016625710103e+00 1.064849969682674313e+00 1.075072499269993820e+00
6.502669215202331543e+00 1.099521802956325844e+00 1.095058867567300975e+00 1.102856675947296194e+00
6.560470719337462953e+00 1.125764876353899435e+00 1.122249896751967402e+00 1.128820801073291191e+00
6.618272223472594362e+00 1.152708514715552468e+00 1.150095513324209673e+00 1.154998982115980510e+00
6.676073727607726660e+00 1.175366447737053122e+00 1.172104898787323934e+00 1.178824496677298717e+00
6.733875231742858958e+00 1.196615449728171798e+00 1.193445291513991036e+00 1.201009984550911680e+00
6.791676735877990367e+00 1.214201041061587549e+00 1.210270329677847423e+00 1.219176024244803092e+00
6.849478240013121777e+00 1.231916818624258614e+00 1.228309959576308952e+00 1.237971586015595316e+00
6.907279744148254075e+00 1.246977374491969437e+00 1.242803446509635146e+00 1.251479097865586754e+00
6.965081248283386373e+00 1.256796929699758980e+00 1.252011774343672945e+00 1.261962490399670012e+00
7.022882752418517782e+00 1.264241011791538138e+00 1.256738599603107520e+00 1.267937255159097942e+00
7.080684256553649192e+00 1.268647445631983839e+00 1.263172435069349619e+00 1.273606720701489836e+00
7.138485760688781490e+00 1.267450817135132857e+00 1.262978178626712022e+00 1.270870769224256902e+00
7.196287264823913787e+00 1.261603387782266994e+00 1.258117355639189805e+00 1.265586705480839402e+00
7.254088768959045197e+00 1.251977947389598889e+00 1.246593146069230329e+00 1.255543873680219136e+00
7.311890273094176607e+00 1.238902409265954629e+00 1.236079088710797080e+00 1.242582817981355170e+00
7.369691777229308904e+00 1.223390061747923863e+00 1.219222930848033348e+00 1.227367144987286940e+00
7.427493281364440314e+00 1.204445835798958031e+00 1.200712787985871000e+00 1.207870828027418630e+00
7.485294785499572612e+00 1.181339075399800098e+00 1.180026255194340568e+00 1.182119696344080984e+00
7.543096289634704021e+00 1.157960817101619133e+00 1.154704135478546334e+00 1.160691592056624977e+00
7.600897793769835431e+00 1.133526087673801586e+00 1.129597785533140497e+00 1.138535383489554187e+00
7.658699297904967729e+00 1.106887150731519665e+00 1.104288406826842373e+00 1.110496418514315575e+00
7.716500802040100027e+00 1.081149946262178307e+00 1.077957441239251413e+00 1.086729935502168898e+00
7.774302306175231436e+00 1.056353529369196576e+00 1.054009608656002905e+00 1.059663481802271434e+00
7.832103810310362846e+00 1.032004615475497378e+00 1.028396601450657588e+00 1.037256228398945268e+00
7.889905314445495144e+00 1.010131171587809407e+00 1.004486001711374810e+00 1.014828361594769968e+00
7.947706818580627441e+00 9.868241187261490577e-01 9.836479459883507026e-01 9.902503578117591854e-01
8.005508322715758851e+00 9.662327357208116974e-01 9.635447667185564891e-01 9.699789730456375159e-01
8.063309826850890261e+00 9.476220146360138097e-01 9.441634216148251380e-01 9.496998965913656665e-01
8.121111330986021670e+00 9.263479917772917682e-01 9.219421142978393435e-01 9.291350610260444842e-01
8.178912835121154856e+00 9.084280848790589058e-01 9.051815168187704597e-01 9.107184505845770106e-01
8.236714339256286266e+00 8.907837182122868569e-01 8.886490977714623929e-01 8.925026332324900169e-01
8.294515843391417675e+00 8.757700974090274482e-01 8.743898925585167348e-01 8.778224086017851757e-01
8.352317347526550861e+00 8.639982078128317644e-01 8.600316533646813477e-01 8.675679573604609951e-01
8.410118851661682271e+00 8.539033269654010549e-01 8.527575951748227467e-01 8.553409273883817443e-01
8.467920355796813681e+00 8.479248620570014605e-01 8.460375327409784818e-01 8.499815857222667859e-01
8.525721859931945090e+00 8.458660857559996415e-01 8.412100882345733277e-01 8.498629856615615985e-01
8.583523364067076500e+00 8.451806379578830075e-01 8.425417801069143842e-01 8.502011543492353773e-01
8.641324868202209686e+00 8.453697796609679349e-01 8.421220816833503431e-01 8.480631628934802713e-01
8.699126372337341095e+00 8.487008428946845040e-01 8.457000694573932886e-01 8.513247974453372890e-01
8.756927876472472505e+00 8.514341411734476228e-01 8.493212647305538043e-01 8.550691316303818956e-01
8.814729380607603915e+00 8.583749973159880975e-01 8.560626291989799075e-01 8.602526013129263571e-01
8.872530884742737101e+00 8.643183068718945927e-01 8.600006389851162503e-01 8.685035309584648866e-01
8.930332388877868510e+00 8.736991872935998549e-01 8.710210834445399897e-01 8.776722200479533109e-01
8.988133893012999920e+00 8.846464972064780330e-01 8.818265622775308676e-01 8.871695968797466136e-01
9.045935397148131329e+00 8.945848195022527705e-01 8.930405525145936885e-01 8.970381908592963693e-01
9.103736901283262739e+00 9.071477573967413610e-01 9.053965943297591634e-01 9.086894602261855747e-01
9.161538405418395925e+00 9.195439221451172651e-01 9.155539901648318546e-01 9.228798381890327418e-01
9.219339909553527335e+00 9.337043139267653391e-01 9.315901511630069187e-01 9.365274909507224077e-01
9.277141413688658744e+00 9.484227656323204192e-01 9.438041874143304755e-01 9.513029412948177388e-01
9.334942917823791930e+00 9.621387786505319895e-01 9.593931685320696845e-01 9.644662208917079704e-01
9.392744421958923340e+00 9.774477420205986977e-01 9.744808478614006564e-01 9.809452617434213373e-01
9.450545926094054749e+00 9.915869769006644407e-01 9.899255002065280307e-01 9.940142563078543381e-01
9.508347430229186159e+00 1.005474963548612655e+00 1.002516346155436944e+00 1.008072042624594822e+00
9.566148934364317569e+00 1.017617747262573813e+00 1.015887947228502508e+00 1.020513659817555485e+00
9.623950438499450755e+00 1.031556511873835236e+00 1.028070520611918504e+00 1.035773078199603736e+00
9.681751942634582164e+00 1.044456579234759763e+00 1.042251459315341577e+00 1.047801798986412347e+00
9.739553446769713574e+00 1.054698514660034503e+00 1.050968344093466733e+00 1.057436720899139315e+00
9.797354950904846760e+00 1.065834339944931708e+00 1.063211984820253253e+00 1.068721727543637590e+00
9.855156455039978169e+00 1.074114138236938576e+00 1.071624167206582712e+00 1.076578345393732095e+00
9.912957959175109579e+00 1.081634743414296551e+00 1.080431555379502973e+00 1.082725994643383816e+00
9.970759463310240989e+00 1.088324855756773957e+00 1.084377636212495943e+00 1.091047663791800515e+00
1.002856096744537240e+01 1.091617291765772269e+00 1.088845436394312749e+00 1.093922635714265290e+00
1.008636247158050381e+01 1.096532640797648783e+00 1.093782983617003435e+00 1.099409378667969950e+00
1.014416397571563699e+01 1.098463648101828616e+00 1.096660661477876886e+00 1.101176993524106251e+00
1.020196547985076840e+01 1.098754703507076158e+00 1.095378555594712200e+00 1.101894939296196529e+00
1.025976698398589981e+01 1.098312295610076372e+00 1.094793563921096169e+00 1.101996935126756227e+00
1.031756848812103300e+01 1.096825500743028980e+00 1.095622029040298928e+00 1.098425640636689016e+00
1.037536999225616441e+01 1.094487328835551221e+00 1.092046837029380546e+00 1.096230952359336541e+00
1.043317149639129582e+01 1.091350461390485416e+00 1.087851220838129684e+00 1.093691669553106260e+00
1.049097300052642723e+01 1.086484863929563005e+00 1.082182384559943644e+00 1.089069382967414734e+00
1.054877450466155864e+01 1.080729677470289030e+00 1.077930730471635234e+00 1.084573808292526254e+00
1.060657600879669182e+01 1.075477143853485140e+00 1.073512601659052157e+00 1.077747986883045295e+00
1.066437751293182323e+01 1.068184465352803647e+00 1.066374091587932948e+00 1.069644636419519790e+00
1.072217901706695464e+01 1.061488759396446158e+00 1.058317771517187644e+00 1.064026728674325462e+00
1.077998052120208783e+01 1.054212045153187338e+00 1.051893221334319284e+00 1.055692880406830847e+00
1.083778202533721924e+01 1.046487628399021874e+00 1.044049449947426877e+00 1.047899672586470432e+00
1.089558352947235065e+01 1.038954958708016019e+00 1.037032653420440154e+00 1.044346415742444467e+00
1.095338503360748206e+01 1.029198823356425319e+00 1.026963917460935516e+00 1.031435032784079109e+00
1.101118653774261347e+01 1.021131799967037956e+00 1.018201186386079371e+00 1.023530551898987451e+00
1.106898804187774665e+01 1.013635378399321052e+00 1.010645727763870516e+00 1.015687691761606226e+00
1.112678954601287806e+01 1.004445858983102458e+00 1.002920311172026846e+00 1.007253153285184055e+00
1.118459105014800947e+01 9.969775429677378842e-01 9.938062111495055140e-01 9.997133896676977383e-01
1.124239255428314088e+01 9.891127196874869298e-01 9.875688892731576685e-01 9.908994878827513952e-01
1.130019405841827407e+01 9.810502487367583901e-01 9.789491936452229259e-01 9.826213962194700891e-01
1.135799556255340548e+01 9.745528026671330668e-01 9.720879661341226274e-01 9.763997631350604944e-01
1.141579706668853689e+01 9.683189253456052636e-01 9.661492013774320986e-01 9.704754485595477043e-01
1.147359857082366830e+01 9.626204452449496074e-01 9.604071869410543139e-01 9.653651389834176921e-01
1.153140007495879971e+01 9.563417768704656208e-01 9.550058918238664152e-01 9.579658132037123242e-01
