# t_fs vacf_normalized
0.000000000000000000e+00 1.000000000000000000e+00
5.000000000000000000e+00 9.992977368689944795e-01
1.000000000000000000e+01 9.971950591206681924e-01
1.500000000000000000e+01 9.937016167462643379e-01
2.000000000000000000e+01 9.888333617342641713e-01
2.500000000000000000e+01 9.826123595000260114e-01
3.000000000000000000e+01 9.750665325361823621e-01
3.500000000000000000e+01 9.662293433553973410e-01
4.000000000000000000e+01 9.561394251148017664e-01
4.500000000000000000e+01 9.448401691683367964e-01
5.000000000000000000e+01 9.323792792622044301e-01
5.500000000000000000e+01 9.188083021240749382e-01
6.000000000000000000e+01 9.041821438620708529e-01
6.500000000000000000e+01 8.885585809819509517e-01
7.000000000000000000e+01 8.719977739858220112e-01
7.500000000000000000e+01 8.545617905106536183e-01
8.000000000000000000e+01 8.363141438959671436e-01
8.500000000000000000e+01 8.173193519733246148e-01
9.000000000000000000e+01 7.976425198099906799e-01
9.500000000000000000e+01 7.773489491620063641e-01
1.000000000000000000e+02 7.565037765018487459e-01
1.050000000000000000e+02 7.351716407037237611e-01
1.100000000000000000e+02 7.134163807916970024e-01
1.150000000000000000e+02 6.913007636086740959e-01
1.200000000000000000e+02 6.688862408100174628e-01
1.250000000000000000e+02 6.462327342378790807e-01
1.300000000000000000e+02 6.233984484759110822e-01
1.350000000000000000e+02 6.004397091900250949e-01
1.400000000000000000e+02 5.774108257402712496e-01
1.450000000000000000e+02 5.543639764684210602e-01
1.500000000000000000e+02 5.313491150653301132e-01
1.550000000000000000e+02 5.084138964302858943e-01
1.600000000000000000e+02 4.856036204761063346e-01
1.650000000000000000e+02 4.629611923849999977e-01
1.700000000000000000e+02 4.405270978659684977e-01
1.750000000000000000e+02 4.183393920288249745e-01
1.800000000000000000e+02 3.964337005816909731e-01
1.850000000000000000e+02 3.748432321139582024e-01
1.900000000000000000e+02 3.535988002869140390e-01
1.950000000000000000e+02 3.327288548528826162e-01
2.000000000000000000e+02 3.122595204961193804e-01
2.050000000000000000e+02 2.922146425428120975e-01
2.100000000000000000e+02 2.726158386628489416e-01
2.150000000000000000e+02 2.534825557520850037e-01
2.200000000000000000e+02 2.348321312326248078e-01
2.250000000000000000e+02 2.166798580690267872e-01
2.300000000000000000e+02 1.990390528600462505e-01
2.350000000000000000e+02 1.819211264106680714e-01
2.400000000000000000e+02 1.653356562482051206e-01
2.450000000000000000e+02 1.492904605948836283e-01
2.500000000000000000e+02 1.337916733508102141e-01
2.550000000000000000e+02 1.188438196849958550e-01
2.600000000000000000e+02 1.044498918863447923e-01
2.650000000000000000e+02 9.061142515347064830e-02
2.700000000000000000e+02 7.732857303299719987e-02
2.750000000000000000e+02 6.460018225237156020e-02
2.800000000000000000e+02 5.242386672204590176e-02
2.850000000000000000e+02 4.079608052005222196e-02
2.900000000000000000e+02 2.971218968676370142e-02
2.950000000000000000e+02 1.916654267032123077e-02
3.000000000000000000e+02 9.152539294133229392e-03
3.050000000000000000e+02 -3.373018539221546951e-04
3.100000000000000000e+02 -9.311277699132997770e-03
3.150000000000000000e+02 -1.777843670890748989e-02
3.200000000000000000e+02 -2.574851673953405112e-02
3.250000000000000000e+02 -3.323188474990544650e-02
3.300000000000000000e+02 -4.023947841857167945e-02
3.350000000000000000e+02 -4.678274969015197571e-02
3.400000000000000000e+02 -5.287361026615109566e-02
3.450000000000000000e+02 -5.852437903954611775e-02
3.500000000000000000e+02 -6.374773146906655141e-02
3.550000000000000000e+02 -6.855665088586027078e-02
3.600000000000000000e+02 -7.296438171227220826e-02
3.650000000000000000e+02 -7.698438457769925247e-02
3.700000000000000000e+02 -8.063029331600041205e-02
3.750000000000000000e+02 -8.391587382303856979e-02
3.800000000000000000e+02 -8.685498475562773713e-02
3.850000000000000000e+02 -8.946154004905616797e-02
3.900000000000000000e+02 -9.174947323515721120e-02
3.950000000000000000e+02 -9.373270354014792693e-02
4.000000000000000000e+02 -9.542510373523739597e-02
4.050000000000000000e+02 -9.684046972282553400e-02
4.100000000000000000e+02 -9.799249183225919313e-02
4.150000000000000000e+02 -9.889472779901303801e-02
4.200000000000000000e+02 -9.956057739677366680e-02
4.250000000000000000e+02 -1.000032586875600621e-01
4.300000000000000000e+02 -1.002357858575464167e-01
4.350000000000000000e+02 -1.002709486010845558e-01
4.400000000000000000e+02 -1.001212930138333512e-01
4.450000000000000000e+02 -9.979910395948962676e-02
4.500000000000000000e+02 -9.931638887633063850e-02
4.550000000000000000e+02 -9.868486298788055333e-02
4.600000000000000000e+02 -9.791593588966687745e-02
4.650000000000000000e+02 -9.702069948535310684e-02
4.700000000000000000e+02 -9.600991723783272591e-02
4.750000000000000000e+02 -9.489401470037789332e-02
4.800000000000000000e+02 -9.368307130133886329e-02
4.850000000000000000e+02 -9.238681335041236398e-02
4.900000000000000000e+02 -9.101460823443015269e-02
4.950000000000000000e+02 -8.957545976346423244e-02
5.000000000000000000e+02 -8.807800462683082476e-02
5.050000000000000000e+02 -8.653050992580786638e-02
5.100000000000000000e+02 -8.494087174446347810e-02
5.150000000000000000e+02 -8.331661471184684253e-02
5.200000000000000000e+02 -8.166489251433302343e-02
5.250000000000000000e+02 -7.999248931585443978e-02
5.300000000000000000e+02 -7.830582204514771605e-02
5.350000000000000000e+02 -7.661094350229523398e-02
5.400000000000000000e+02 -7.491354624230386894e-02
5.450000000000000000e+02 -7.321896718146032879e-02
5.500000000000000000e+02 -7.153219287574506813e-02
5.550000000000000000e+02 -6.985786543465688503e-02
5.600000000000000000e+02 -6.820028902102792667e-02
5.650000000000000000e+02 -6.656343688843549544e-02
5.700000000000000000e+02 -6.495095891091741402e-02
5.750000000000000000e+02 -6.336618955942759090e-02
5.800000000000000000e+02 -6.181215628317442146e-02
5.850000000000000000e+02 -6.029158826117568537e-02
5.900000000000000000e+02 -5.880692549963301846e-02
5.950000000000000000e+02 -5.736032824947055048e-02
6.000000000000000000e+02 -5.595368671362180996e-02
6.050000000000000000e+02 -5.458863101668540163e-02
6.100000000000000000e+02 -5.326654140441147711e-02
6.150000000000000000e+02 -5.198855863335295757e-02
6.200000000000000000e+02 -5.075559450151372748e-02
6.250000000000000000e+02 -4.956834247650154096e-02
6.300000000000000000e+02 -4.842728838966824795e-02
6.350000000000000000e+02 -4.733272116586369899e-02
6.400000000000000000e+02 -4.628474355278832525e-02
6.450000000000000000e+02 -4.528328282648389630e-02
6.500000000000000000e+02 -4.432810145356158582e-02
6.550000000000000000e+02 -4.341880769191105299e-02
6.600000000000000000e+02 -4.255486610085575799e-02
6.650000000000000000e+02 -4.173560793205453867e-02
6.700000000000000000e+02 -4.096024137759019662e-02
6.750000000000000000e+02 -4.022786165549448872e-02
6.800000000000000000e+02 -3.953746091357313724e-02
6.850000000000000000e+02 -3.888793792881983791e-02
6.900000000000000000e+02 -3.827810757642235995e-02
6.950000000000000000e+02 -3.770671005249207758e-02
7.000000000000000000e+02 -3.717241983377781583e-02
7.050000000000000000e+02 -3.667385436030152351e-02
7.100000000000000000e+02 -3.620958242378557318e-02
7.150000000000000000e+02 -3.577813224681101328e-02
7.200000000000000000e+02 -3.537799924458612244e-02
7.250000000000000000e+02 -3.500765345903925768e-02
7.300000000000000000e+02 -3.466554665526606904e-02
7.350000000000000000e+02 -3.435011907179163354e-02
7.400000000000000000e+02 -3.405980581820793746e-02
7.450000000000000000e+02 -3.379304291579567771e-02
7.500000000000000000e+02 -3.354827297144119536e-02
7.550000000000000000e+02 -3.332395048289720635e-02
7.600000000000000000e+02 -3.311854677773478500e-02
7.650000000000000000e+02 -3.293055458669185559e-02
7.700000000000000000e+02 -3.275849226532436681e-02
7.750000000000000000e+02 -3.260090767797014372e-02
7.800000000000000000e+02 -3.245638175698042222e-02
7.850000000000000000e+02 -3.232353174131623319e-02
7.900000000000000000e+02 -3.220101410641984518e-02
7.950000000000000000e+02 -3.208752720356655708e-02
8.000000000000000000e+02 -3.198181362102011510e-02
8.050000000000000000e+02 -3.188266227086229004e-02
8.100000000000000000e+02 -3.178891020296444048e-02
8.150000000000000000e+02 -3.169944415642193120e-02
8.200000000000000000e+02 -3.161320185295190405e-02
8.250000000000000000e+02 -3.152917303856702519e-02
8.300000000000000000e+02 -3.144640027599687054e-02
8.350000000000000000e+02 -3.136397949300553933e-02
8.400000000000000000e+02 -3.128106029853675030e-02
8.450000000000000000e+02 -3.119684608218997041e-02
8.500000000000000000e+02 -3.111059390881064368e-02
8.550000000000000000e+02 -3.102161422349991593e-02
8.600000000000000000e+02 -3.092927038595347233e-02
8.650000000000000000e+02 -3.083297804791446453e-02
8.700000000000000000e+02 -3.073220438562881615e-02
8.750000000000000000e+02 -3.062646719767354170e-02
8.800000000000000000e+02 -3.051533387375119158e-02
8.850000000000000000e+02 -3.039842024851454813e-02
8.900000000000000000e+02 -3.027538935546622220e-02
8.950000000000000000e+02 -3.014595008584138036e-02
9.000000000000000000e+02 -3.000985575925104246e-02
9.050000000000000000e+02 -2.986690261906260746e-02
9.100000000000000000e+02 -2.971692826636525633e-02
9.150000000000000000e+02 -2.955981003908255550e-02
9.200000000000000000e+02 -2.939546334493752661e-02
9.250000000000000000e+02 -2.922383995792548345e-02
9.300000000000000000e+02 -2.904492628446523825e-02
9.350000000000000000e+02 -2.885874160762112728e-02
9.400000000000000000e+02 -2.866533631111863392e-02
9.450000000000000000e+02 -2.846479008970040359e-02
9.500000000000000000e+02 -2.825721015146308301e-02
9.550000000000000000e+02 -2.804272941815263639e-02
9.600000000000000000e+02 -2.782150472860435084e-02
9.650000000000000000e+02 -2.759371504999931154e-02
9.700000000000000000e+02 -2.735955970355300956e-02
9.750000000000000000e+02 -2.711925660962739501e-02
9.800000000000000000e+02 -2.687304055302504671e-02
9.850000000000000000e+02 -2.662116148166895901e-02
9.900000000000000000e+02 -2.636388285022994021e-02
9.950000000000000000e+02 -2.610148001431568041e-02
1.000000000000000000e+03 -2.583423868434483323e-02
1.005000000000000000e+03 -2.556245343598256836e-02
1.010000000000000000e+03 -2.528642627133161763e-02
1.015000000000000000e+03 -2.500646523800716114e-02
1.020000000000000000e+03 -2.472288310991176130e-02
1.025000000000000000e+03 -2.443599612483920297e-02
1.030000000000000000e+03 -2.414612277748480473e-02
1.035000000000000000e+03 -2.385358266622886886e-02
1.040000000000000000e+03 -2.355869538839328384e-02
1.045000000000000000e+03 -2.326177948351508887e-02
1.050000000000000000e+03 -2.296315142433953682e-02
1.055000000000000000e+03 -2.266312465573477875e-02
1.060000000000000000e+03 -2.236200868726408858e-02
1.065000000000000000e+03 -2.206010823512992089e-02
1.070000000000000000e+03 -2.175772241355088121e-02
1.075000000000000000e+03 -2.145514398065648601e-02
1.080000000000000000e+03 -2.115265863370708460e-02
1.085000000000000000e+03 -2.085054435330740974e-02
1.090000000000000000e+03 -2.054907080024023433e-02
1.095000000000000000e+03 -2.024849876558354467e-02
1.100000000000000000e+03 -1.994907967498551343e-02
1.105000000000000000e+03 -1.965105515173203379e-02
1.110000000000000000e+03 -1.935465664160327531e-02
1.115000000000000000e+03 -1.906010509847930537e-02
1.120000000000000000e+03 -1.876761072885720430e-02
1.125000000000000000e+03 -1.847737279129382792e-02
1.130000000000000000e+03 -1.818957944742258248e-02
1.135000000000000000e+03 -1.790440766022416419e-02
1.140000000000000000e+03 -1.762202313911376272e-02
1.145000000000000000e+03 -1.734258032527305135e-02
1.150000000000000000e+03 -1.706622240801393409e-02
1.155000000000000000e+03 -1.679308136266802545e-02
1.160000000000000000e+03 -1.652327800381405212e-02
1.165000000000000000e+03 -1.625692205473344698e-02
1.170000000000000000e+03 -1.599411223986869912e-02
1.175000000000000000e+03 -1.573493640000720589e-02
1.180000000000000000e+03 -1.547947162825761766e-02
1.185000000000000000e+03 -1.522778443389789099e-02
1.190000000000000000e+03 -1.497993093099259966e-02
1.195000000000000000e+03 -1.473595704984221114e-02
1.200000000000000000e+03 -1.449589877473084210e-02
1.205000000000000000e+03 -1.425978241409330168e-02
1.210000000000000000e+03 -1.402762489711218037e-02
1.215000000000000000e+03 -1.379943408820847282e-02
1.220000000000000000e+03 -1.357520911457937678e-02
1.225000000000000000e+03 -1.335494070230405263e-02
1.230000000000000000e+03 -1.313861152542595938e-02
1.235000000000000000e+03 -1.292619656936351037e-02
1.240000000000000000e+03 -1.271766350774385622e-02
1.245000000000000000e+03 -1.251297309469423004e-02
1.250000000000000000e+03 -1.231207957199303808e-02
1.255000000000000000e+03 -1.211493109130828971e-02
1.260000000000000000e+03 -1.192147015731470985e-02
1.265000000000000000e+03 -1.173163409655198115e-02
1.270000000000000000e+03 -1.154535554536544398e-02
1.275000000000000000e+03 -1.136256296001812195e-02
1.280000000000000000e+03 -1.118318115651248217e-02
1.285000000000000000e+03 -1.100713186939438100e-02
1.290000000000000000e+03 -1.083433431546902866e-02
1.295000000000000000e+03 -1.066470575330856485e-02
1.300000000000000000e+03 -1.049816202641890885e-02
1.305000000000000000e+03 -1.033461808416298415e-02
1.310000000000000000e+03 -1.017398847987459332e-02
1.315000000000000000e+03 -1.001618783693604062e-02
1.320000000000000000e+03 -9.861131279716368533e-03
1.325000000000000000e+03 -9.708734833474693890e-03
1.330000000000000000e+03 -9.558915787271332620e-03
1.335000000000000000e+03 -9.411593008408705371e-03
1.340000000000000000e+03 -9.266687208419414554e-03
1.345000000000000000e+03 -9.124121167064947607e-03
1.350000000000000000e+03 -8.983819913344029406e-03
1.355000000000000000e+03 -8.845710859350913030e-03
1.360000000000000000e+03 -8.709723893532146655e-03
1.365000000000000000e+03 -8.575791445303064531e-03
1.370000000000000000e+03 -8.443848526304545410e-03
1.375000000000000000e+03 -8.313832749722041560e-03
1.380000000000000000e+03 -8.185684325609340201e-03
1.385000000000000000e+03 -8.059346037462791768e-03
1.390000000000000000e+03 -7.934763203049772368e-03
1.395000000000000000e+03 -7.811883622658914381e-03
1.400000000000000000e+03 -7.690657520841136761e-03
1.405000000000000000e+03 -7.571037485737810296e-03
1.410000000000000000e+03 -7.452978411476526323e-03
1.415000000000000000e+03 -7.336437444223875039e-03
1.420000000000000000e+03 -7.221373939099740361e-03
1.425000000000000000e+03 -7.107749432297051466e-03
1.430000000000000000e+03 -6.995527613298115933e-03
1.435000000000000000e+03 -6.884674294565691632e-03
1.440000000000000000e+03 -6.775157379642081194e-03
1.445000000000000000e+03 -6.666946827065672009e-03
1.450000000000000000e+03 -6.560014611409066033e-03
1.455000000000000000e+03 -6.454334679475568631e-03
1.460000000000000000e+03 -6.349882908466456845e-03
1.465000000000000000e+03 -6.246637070847005542e-03
1.470000000000000000e+03 -6.144576804192373835e-03
1.475000000000000000e+03 -6.043683585120094952e-03
1.480000000000000000e+03 -5.943940714532328258e-03
1.485000000000000000e+03 -5.845333312965082968e-03
1.490000000000000000e+03 -5.747848322048432906e-03
1.495000000000000000e+03 -5.651474504945519506e-03
1.500000000000000000e+03 -5.556202450096803247e-03
1.505000000000000000e+03 -5.462024580361317383e-03
1.510000000000000000e+03 -5.368935159285534442e-03
1.515000000000000000e+03 -5.276930294480989062e-03
1.520000000000000000e+03 -5.186007937258637311e-03
1.525000000000000000e+03 -5.096167870641665071e-03
1.530000000000000000e+03 -5.007411688732127560e-03
1.535000000000000000e+03 -4.919742763321301518e-03
1.540000000000000000e+03 -4.833166190147314412e-03
1.545000000000000000e+03 -4.747688711169048906e-03
1.550000000000000000e+03 -4.663318615558664434e-03
1.555000000000000000e+03 -4.580065623907387910e-03
1.560000000000000000e+03 -4.497940754149162140e-03
1.565000000000000000e+03 -4.416956165946991052e-03
1.570000000000000000e+03 -4.337124993642120334e-03
1.575000000000000000e+03 -4.258461181206804613e-03
1.580000000000000000e+03 -4.180979319960265346e-03
1.585000000000000000e+03 -4.104694486602898477e-03
1.590000000000000000e+03 -4.029622094794659166e-03
1.595000000000000000e+03 -3.955777762106974481e-03
1.600000000000000000e+03 -3.883177193949124365e-03
1.605000000000000000e+03 -3.811836088949891593e-03
1.610000000000000000e+03 -3.741770054758893332e-03
1.615000000000000000e+03 -3.672994528527795052e-03
1.620000000000000000e+03 -3.605524699612766733e-03
1.625000000000000000e+03 -3.539375434286532070e-03
1.630000000000000000e+03 -3.474561201303198212e-03
1.635000000000000000e+03 -3.411095994846321915e-03
1.640000000000000000e+03 -3.348993247606342743e-03
1.645000000000000000e+03 -3.288265731415490091e-03
1.650000000000000000e+03 -3.228925452098380111e-03
1.655000000000000000e+03 -3.170983537224249076e-03
1.660000000000000000e+03 -3.114450118863177491e-03
1.665000000000000000e+03 -3.059334217003552205e-03
1.670000000000000000e+03 -3.005643631680096368e-03
1.675000000000000000e+03 -2.953384857455171406e-03
1.680000000000000000e+03 -2.902563029035706930e-03
1.685000000000000000e+03 -2.853181902733395187e-03
1.690000000000000000e+03 -2.805243874431312314e-03
1.695000000000000000e+03 -2.758750027286451662e-03
1.700000000000000000e+03 -2.713700194700474373e-03
1.705000000000000000e+03 -2.670093031491205162e-03
1.710000000000000000e+03 -2.627926081133398657e-03
1.715000000000000000e+03 -2.587195825206254057e-03
1.720000000000000000e+03 -2.547897706428757861e-03
1.725000000000000000e+03 -2.510026121718904324e-03
1.730000000000000000e+03 -2.473574387674820282e-03
1.735000000000000000e+03 -2.438534688349483764e-03
1.740000000000000000e+03 -2.404898004585292147e-03
1.745000000000000000e+03 -2.372654037070544633e-03
1.750000000000000000e+03 -2.341791144529727347e-03
1.755000000000000000e+03 -2.312296300826030462e-03
1.760000000000000000e+03 -2.284155068821346578e-03
1.765000000000000000e+03 -2.257351592862798240e-03
1.770000000000000000e+03 -2.231868605565930867e-03
1.775000000000000000e+03 -2.207687450372053731e-03
1.780000000000000000e+03 -2.184788119375100524e-03
1.785000000000000000e+03 -2.163149300145151416e-03
1.790000000000000000e+03 -2.142748432526440754e-03
1.795000000000000000e+03 -2.123561767367070866e-03
1.800000000000000000e+03 -2.105564424961765303e-03
1.805000000000000000e+03 -2.088730449539069611e-03
1.810000000000000000e+03 -2.073032858913058558e-03
1.815000000000000000e+03 -2.058443693344643929e-03
1.820000000000000000e+03 -2.044934074200983887e-03
1.825000000000000000e+03 -2.032474271591842158e-03
1.830000000000000000e+03 -2.021033771228096781e-03
1.835000000000000000e+03 -2.010581337126892808e-03
1.840000000000000000e+03 -2.001085076858443324e-03
1.845000000000000000e+03 -1.992512504918654299e-03
1.850000000000000000e+03 -1.984830600348575034e-03
1.855000000000000000e+03 -1.978005858264129165e-03
1.860000000000000000e+03 -1.972004322180673491e-03
1.865000000000000000e+03 -1.966791594072495042e-03
1.870000000000000000e+03 -1.962332833770213687e-03
1.875000000000000000e+03 -1.958592744993295671e-03
1.880000000000000000e+03 -1.955535538449607817e-03
1.885000000000000000e+03 -1.953124874585187350e-03
1.890000000000000000e+03 -1.951323789522535924e-03
1.895000000000000000e+03 -1.950094612903764072e-03
1.900000000000000000e+03 -1.949398886360936877e-03
1.905000000000000000e+03 -1.949197286432788464e-03
1.910000000000000000e+03 -1.949449557587784989e-03
1.915000000000000000e+03 -1.950114469834330917e-03
1.920000000000000000e+03 -1.951149811426992767e-03
1.925000000000000000e+03 -1.952512415759254929e-03
1.930000000000000000e+03 -1.954158216432098482e-03
1.935000000000000000e+03 -1.956042332412878757e-03
1.940000000000000000e+03 -1.958119186378625125e-03
1.945000000000000000e+03 -1.960342650177317701e-03
1.950000000000000000e+03 -1.962666211530223956e-03
1.955000000000000000e+03 -1.965043160804643991e-03
1.960000000000000000e+03 -1.967426803427766574e-03
1.965000000000000000e+03 -1.969770701891813795e-03
1.970000000000000000e+03 -1.972028950644136996e-03
1.975000000000000000e+03 -1.974156480725203916e-03
1.980000000000000000e+03 -1.976109391239535325e-03
1.985000000000000000e+03 -1.977845298693053141e-03
1.990000000000000000e+03 -1.979323692416745314e-03
1.995000000000000000e+03 -1.980506284180329809e-03
